Date,RaceTime,Track,RaceName,Distance,Dist_Furlongs,Class,Going,PrizeMoney,Runners,Direction,CardNo,Horse,HorseAge,Jockey,JClaim,Trainer,Stall,OfficialRating,Weight_Pounds,Odds,Form,Days,Headgear,Stallion,Dam,HorseType,CD,numfences,
"2022-08-08","13:00:00","Kempton","Unibet Horserace Betting Operator Of The Year/EBF Restricted Novice Stakes (GBB Race)","5f ","5","Class 5","Standard To Slow","3672","6","Right Handed","1","Matching Sox (IRE)","2","Probert, David","0","Balding, A M","6","0","133","7.00","none",,"Hood","Camacho","Follow My Lead","Colt",,"0",
"2022-08-08","13:00:00","Kempton","Unibet Horserace Betting Operator Of The Year/EBF Restricted Novice Stakes (GBB Race)","5f ","5","Class 5","Standard To Slow","3672","6","Right Handed","2","Cuban Grey","2","Turner, Hayley","0","Cowell, R M H","5","0","131","14.00","none",,,"Havana Grey","Tout Va Bien (IRE)","Colt",,"0",
"2022-08-08","13:00:00","Kempton","Unibet Horserace Betting Operator Of The Year/EBF Restricted Novice Stakes (GBB Race)","5f ","5","Class 5","Standard To Slow","3672","6","Right Handed","3","Gintini (IRE)","2","Morris, Luke","0","Mongan, Mrs L J","2","0","131","33.00","none",,,"Starspangledbanner (AUS)","Shamas Song (IRE)","Colt",,"0",
"2022-08-08","13:00:00","Kempton","Unibet Horserace Betting Operator Of The Year/EBF Restricted Novice Stakes (GBB Race)","5f ","5","Class 5","Standard To Slow","3672","6","Right Handed","4","Big R (IRE)","2","Fallon, Cieren","0","Houghton, Eve Johnson","1","0","129","5.00","7","62",,"Cotai Glory","Turuqaat","Colt",,"0",
"2022-08-08","13:00:00","Kempton","Unibet Horserace Betting Operator Of The Year/EBF Restricted Novice Stakes (GBB Race)","5f ","5","Class 5","Standard To Slow","3672","6","Right Handed","5","Keep Bidding (IRE)","2","Hornby, Rob","0","Beckett, R M","4","0","128","0.57","24","66",,"Ribchester (IRE)","Coolfitch (IRE)","Filly",,"0",
"2022-08-08","13:00:00","Kempton","Unibet Horserace Betting Operator Of The Year/EBF Restricted Novice Stakes (GBB Race)","5f ","5","Class 5","Standard To Slow","3672","6","Right Handed","6","Attrazione (IRE)","2","Osborne, Saffie","3","Boughey, George","3","0","126","9.00","none",,,"Holy Roman Emperor (IRE)","Maoineas (IRE)","Filly",,"0",
"2022-08-08","13:30:00","Kempton","Unibet Support Safe Gambling Handicap","1m ","8","Class 5","Standard To Slow","3996","13","Right Handed","1","Enzos Angel","3","Hornby, Rob","0","Williams, S C","2","72","137","4.50","544","40",,"Dark Angel (IRE)","Along Came Casey (IRE)","Gelding",,"0",
"2022-08-08","13:30:00","Kempton","Unibet Support Safe Gambling Handicap","1m ","8","Class 5","Standard To Slow","3996","13","Right Handed","2","They Dont Know (IRE)","3","Probert, David","0","Holland, Darryll","4","72","137","7.50","6222225","60","Blnk TT","Vocalised (USA)","Fields Of May (IRE)","Gelding",,"0",
"2022-08-08","13:30:00","Kempton","Unibet Support Safe Gambling Handicap","1m ","8","Class 5","Standard To Slow","3996","13","Right Handed","3","Mambo Beat (IRE)","3","Fahy, J P","0","Cox, C G","5","71","136","40.00","'0530","59"," TT","Red Jazz (USA)","Bulrushes","Gelding",,"0",
"2022-08-08","13:30:00","Kempton","Unibet Support Safe Gambling Handicap","1m ","8","Class 5","Standard To Slow","3996","13","Right Handed","4","Pangloss","3","Fallon, Cieren","0","King, A","11","71","136","20.00","6632187","65",,"Havana Gold (IRE)","Fantastic Santanyi","Gelding",,"0",
"2022-08-08","13:30:00","Kempton","Unibet Support Safe Gambling Handicap","1m ","8","Class 5","Standard To Slow","3996","13","Right Handed","5","Kodiac Blue","3","Mitchell, Jack","0","Varian, Roger","9","71","136","16.00","4445","18","CkPc","Kodiac","Grande Bleue (IRE)","Gelding",,"0",
"2022-08-08","13:30:00","Kempton","Unibet Support Safe Gambling Handicap","1m ","8","Class 5","Standard To Slow","3996","13","Right Handed","6","Cabinet Maker (IRE)","3","Kingscote, Richard","0","Johnston, M","7","71","136","6.00","5885115","10",,"Mastercraftsman (IRE)","Elegant Peace (IRE)","Gelding","CD","0",
"2022-08-08","13:30:00","Kempton","Unibet Support Safe Gambling Handicap","1m ","8","Class 5","Standard To Slow","3996","13","Right Handed","7","Zimmer (IRE)","3","Downing, George","0","Mullins, J W","8","70","135","66.00","none",,,"Zelzal (FR)","Rjwa (IRE)","Gelding",,"0",
"2022-08-08","13:30:00","Kempton","Unibet Support Safe Gambling Handicap","1m ","8","Class 5","Standard To Slow","3996","13","Right Handed","8","Marsh Benham (IRE)","3","Cosgrave, Pat","0","Baker, George","12","68","133","22.00","'0722213","24",,"Galileo Gold","Zelie Martin (IRE)","Gelding","D","0",
"2022-08-08","13:30:00","Kempton","Unibet Support Safe Gambling Handicap","1m ","8","Class 5","Standard To Slow","3996","13","Right Handed","9","Take A Stand (IRE)","3","Callan, N","0","Tate, James","3","68","133","2.75","335453","15",,"Invincible Spirit (IRE)","Youre Back (USA)","Colt",,"0",
"2022-08-08","13:30:00","Kempton","Unibet Support Safe Gambling Handicap","1m ","8","Class 5","Standard To Slow","3996","13","Right Handed","10","Kingwell","3",,"0","Gansera-Leveque, Mrs Ilka","6","66","131","0.00","73364","12"," TT","Kingman","Frenzified","Gelding",,"0",
"2022-08-08","13:30:00","Kempton","Unibet Support Safe Gambling Handicap","1m ","8","Class 5","Standard To Slow","3996","13","Right Handed","11","Non Stop (FR)","3","Egan, David","0","Tizzard, Joe","13","66","131","9.00","440271","53",,"Starspangledbanner (AUS)","Saint Hilary","Gelding","D","0",
"2022-08-08","13:30:00","Kempton","Unibet Support Safe Gambling Handicap","1m ","8","Class 5","Standard To Slow","3996","13","Right Handed","12","Sicilian Vito (IRE)","3","Morris, Luke","0","Ryan, J","1","64","129","7.00","3305433","16","CkPc","Night Of Thunder (IRE)","Pencarrow","Gelding",,"0",
"2022-08-08","13:30:00","Kempton","Unibet Support Safe Gambling Handicap","1m ","8","Class 5","Standard To Slow","3996","13","Right Handed","13","Bulleit","3","Havlin, Robert","0","Jarvis, W","14","63","128","11.00","1512355","17",,"Helmet (AUS)","Flora Medici","Gelding","CD","0",
"2022-08-08","13:30:00","Kempton","Unibet Support Safe Gambling Handicap","1m ","8","Class 5","Standard To Slow","3996","13","Right Handed","14","The Spotlight Kid","3","Bennett, Charlie","0","Ivory, D K","10","61","126","22.00","56847","16",,"Mayson","Marjong","Gelding",,"0",
"2022-08-08","13:45:00","Wolverhampton","Sky Sports Racing HD Virgin 535 Maiden Handicap","1m4f ","12","Class 5","Standard","4536","6","Left Handed","1","Planet Legend (IRE)","3","Muscutt, D","0","Ferguson, James","5","76","136","6.00","4223","34","CkPc","Galileo (IRE)","Zut Alors (IRE)","Gelding",,"0",
"2022-08-08","13:45:00","Wolverhampton","Sky Sports Racing HD Virgin 535 Maiden Handicap","1m4f ","12","Class 5","Standard","4536","6","Left Handed","2","Banned","3","Buick, William","0","Morrison, H","7","76","136","2.00","50352","14",,"Ulysses (IRE)","Clarietta","Filly",,"0",
"2022-08-08","13:45:00","Wolverhampton","Sky Sports Racing HD Virgin 535 Maiden Handicap","1m4f ","12","Class 5","Standard","4536","6","Left Handed","3","Teagarden Jazz","3","Doyle, Hollie","0","Charlton, Roger/Harry","8","75","135","2.75","572","34",,"Golden Horn","Zamoura","Filly",,"0",
"2022-08-08","13:45:00","Wolverhampton","Sky Sports Racing HD Virgin 535 Maiden Handicap","1m4f ","12","Class 5","Standard","4536","6","Left Handed","4","Auntie Margaret (FR)","3",,"0","Johnston, M","9","74","134","0.00","5323829","9",,"Kendargent (FR)","Dommyah","Filly",,"0",
"2022-08-08","13:45:00","Wolverhampton","Sky Sports Racing HD Virgin 535 Maiden Handicap","1m4f ","12","Class 5","Standard","4536","6","Left Handed","5","Ocean Ruler","3",,"0","Tate, James","3","73","133","0.00","'0535229","19","Vsor","Shamardal (USA)","Saltanat (IRE)","Colt",,"0",
"2022-08-08","13:45:00","Wolverhampton","Sky Sports Racing HD Virgin 535 Maiden Handicap","1m4f ","12","Class 5","Standard","4536","6","Left Handed","6","Master of Colours","3","McDonald, P J","0","Botti, M","4","69","129","20.00","9499","111","Blnk","Muhaarar","Maglietta Fina (IRE)","Gelding",,"0",
"2022-08-08","13:45:00","Wolverhampton","Sky Sports Racing HD Virgin 535 Maiden Handicap","1m4f ","12","Class 5","Standard","4536","6","Left Handed","7","Buxted Reel (IRE)","3","Crowley, Jim","0","Williams, Ian","1","68","128","4.00","9522533","2",,"Highland Reel (IRE)","Blue Lightning","Gelding",,"0",
"2022-08-08","13:45:00","Wolverhampton","Sky Sports Racing HD Virgin 535 Maiden Handicap","1m4f ","12","Class 5","Standard","4536","6","Left Handed","8","Noble Run (USA)","3","Keniry, L P","0","Balding, A M","6","65","125","8.00","955","17",,"Noble Mission","Toxis (USA)","Colt",,"0",
"2022-08-08","13:45:00","Wolverhampton","Sky Sports Racing HD Virgin 535 Maiden Handicap","1m4f ","12","Class 5","Standard","4536","6","Left Handed","9","The Churchill Lad (IRE)","3",,"0","Menzies, Rebecca","2","62","122","0.00","66647","46","Hood","Churchill (IRE)","Imalwayshotforyou (USA)","Gelding",,"0",
"2022-08-08","14:00:00","Kempton","Unibet/British Stallion Studs EBF Restricted Maiden Fillies Stakes (GBB Race)","1m ","8","Class 4","Standard To Slow","5346","6","Right Handed","1","Fariba (IRE)","2","Callan, N","0","Foy, Kevin","4","0","128","0.91","4","16",,"Farhh","Last Pearl","Filly",,"0",
"2022-08-08","14:00:00","Kempton","Unibet/British Stallion Studs EBF Restricted Maiden Fillies Stakes (GBB Race)","1m ","8","Class 4","Standard To Slow","5346","6","Right Handed","2","Feyha (IRE)","2","Probert, David","0","Balding, A M","6","0","128","3.50","5","28",,"Sir Percy","Mariana (IRE)","Filly",,"0",
"2022-08-08","14:00:00","Kempton","Unibet/British Stallion Studs EBF Restricted Maiden Fillies Stakes (GBB Race)","1m ","8","Class 4","Standard To Slow","5346","6","Right Handed","3","Golden Adler (GER)","2","Hornby, Rob","0","Teal, R A","5","0","128","40.00","'0","18",,"Churchill (IRE)","Golden Whip (GER)","Filly",,"0",
"2022-08-08","14:00:00","Kempton","Unibet/British Stallion Studs EBF Restricted Maiden Fillies Stakes (GBB Race)","1m ","8","Class 4","Standard To Slow","5346","6","Right Handed","4","Rosette","2","Mitchell, Jack","0","Johnston, M","2","0","128","5.00","5","32",,"Bobbys Kitten (USA)","La Vie En Rose","Filly",,"0",
"2022-08-08","14:00:00","Kempton","Unibet/British Stallion Studs EBF Restricted Maiden Fillies Stakes (GBB Race)","1m ","8","Class 4","Standard To Slow","5346","6","Right Handed","5","Pink Lily","2","Turner, Hayley","0","Hannon (Jnr), Richard","1","0","126","16.00","75","9",,"Sixties Icon","Mellow","Filly",,"0",
"2022-08-08","14:00:00","Kempton","Unibet/British Stallion Studs EBF Restricted Maiden Fillies Stakes (GBB Race)","1m ","8","Class 4","Standard To Slow","5346","6","Right Handed","6","Royal Athena","2","Kingscote, Richard","0","Ward, Tom","3","0","126","8.00","none",,,"Golden Horn","Neartica (FR)","Filly",,"0",
"2022-08-08","14:15:00","Wolverhampton","Cazoo Claiming Stakes","6f ","6","Class 6","Standard","3726","9","Left Handed","1","Mega Marvel","3","Ryan, Rossa","0","Appleby, M","8","60","138","7.00","5140054","46",,"Equiano (FR)","Megaleka","Colt","D","0",
"2022-08-08","14:15:00","Wolverhampton","Cazoo Claiming Stakes","6f ","6","Class 6","Standard","3726","9","Left Handed","2","Lucia Joy","3","Sexton, Ryan","5","Boughey, George","9","67","133","4.50","1505644","1",,"Ulysses (IRE)","Synergy (FR)","Filly",,"0",
"2022-08-08","14:15:00","Wolverhampton","Cazoo Claiming Stakes","6f ","6","Class 6","Standard","3726","9","Left Handed","3","Radetsky (USA)","5","Doyle, Hollie","0","Johnson, B R","2","74","132","1.88","'0880145","184"," Eye","Speightstown (USA)","Brooch (USA)","Gelding",,"0",
"2022-08-08","14:15:00","Wolverhampton","Cazoo Claiming Stakes","6f ","6","Class 6","Standard","3726","9","Left Handed","4","Russellinthebushes (IRE)","3","Buick, William","0","Evans, P D","7","70","131","2.75","4783844","23",,"Bungle Inthejungle","Princess Banu","Filly",,"0",
"2022-08-08","14:15:00","Wolverhampton","Cazoo Claiming Stakes","6f ","6","Class 6","Standard","3726","9","Left Handed","5","Glorious Charmer","6","Fisher, Jonathan","5","Herrington,M ","1","52","130","14.00","2961238","34"," TT","Charm Spirit (IRE)","Fantacise","Gelding","CD","0",
"2022-08-08","14:15:00","Wolverhampton","Cazoo Claiming Stakes","6f ","6","Class 6","Standard","3726","9","Left Handed","6","Cool Spirit","7","Clutterbuck, Rhys","3","Griffiths, D C","3","57","128","28.00","5809990","6","Hood","Swiss Spirit","Marmot Bay (IRE)","Gelding","D","0",
"2022-08-08","14:15:00","Wolverhampton","Cazoo Claiming Stakes","6f ","6","Class 6","Standard","3726","9","Left Handed","7","Steelriver (IRE)","12","McDonald, P J","0","Herrington,M ","4","56","128","11.00","8775826","10","CkPc","Iffraaj","Numerus Clausus (FR)","Gelding","CD","0",
"2022-08-08","14:15:00","Wolverhampton","Cazoo Claiming Stakes","6f ","6","Class 6","Standard","3726","9","Left Handed","8","Zwift","3","Hardie, Cameron","0","OMeara, D","6","62","123","22.00","1604966","17","CkPc","Kodiac","Yukon Girl (IRE)","Filly",,"0",
"2022-08-08","14:15:00","Wolverhampton","Cazoo Claiming Stakes","6f ","6","Class 6","Standard","3726","9","Left Handed","9","Heerose Girl","3","Mason, Joanna","0","Easterby, M W","5","29","121","40.00","'009","223",,"Heeraat (IRE)","Rose Bien","Filly",,"0",
"2022-08-08","14:30:00","Kempton","Unibet/British Stallion Studs EBF Fillies Restricted Novice Stakes (GBB Race)","7f ","7","Class 4","Standard To Slow","5346","5","Right Handed","1","Munch","2","Probert, David","0","Menuisier, David","4","0","134","2.00","91","47",,"New Bay","Madernia (IRE)","Filly","CD","0",
"2022-08-08","14:30:00","Kempton","Unibet/British Stallion Studs EBF Fillies Restricted Novice Stakes (GBB Race)","7f ","7","Class 4","Standard To Slow","5346","5","Right Handed","2","Enola Grey (IRE)","2","Hornby, Rob","0","Portman, J G","1","76","128","1.25","333","11",,"Havana Grey","Izola","Filly",,"0",
"2022-08-08","14:30:00","Kempton","Unibet/British Stallion Studs EBF Fillies Restricted Novice Stakes (GBB Race)","7f ","7","Class 4","Standard To Slow","5346","5","Right Handed","3","Globalization (IRE)","2","Morris, Luke","0","Butler, John","2","0","128","22.00","6","37",,"Ribchester (IRE)","Celtic Lynn (IRE)","Filly",,"0",
"2022-08-08","14:30:00","Kempton","Unibet/British Stallion Studs EBF Fillies Restricted Novice Stakes (GBB Race)","7f ","7","Class 4","Standard To Slow","5346","5","Right Handed","4","Go Go Millie","2","Cherchi, Stefano","3","Murphy, Amy","3","0","128","10.00","none",,,"Hot Streak (IRE)","Nicolosia (GER)","Filly",,"0",
"2022-08-08","14:30:00","Kempton","Unibet/British Stallion Studs EBF Fillies Restricted Novice Stakes (GBB Race)","7f ","7","Class 4","Standard To Slow","5346","5","Right Handed","5","Lady Lavina","2","Kingscote, Richard","0","Johnston, M","5","67","128","5.50","4252","20","CkPc","The Last Lion (IRE)","Step This Way (USA)","Filly",,"0",
"2022-08-08","14:45:00","Wolverhampton","Follow AtTheRaces On Twitter EBF Novice Stakes (GBB Race)","6f ","6","Class 5","Standard","3672","10","Left Handed","1","Dashing Topper (IRE)","2",,"0","Dunlop, E A L","5","0","133","0.00","5","60",,"Fast Company (IRE)","Chantilly Cream (IRE)","Colt",,"0",
"2022-08-08","14:45:00","Wolverhampton","Follow AtTheRaces On Twitter EBF Novice Stakes (GBB Race)","6f ","6","Class 5","Standard","3672","10","Left Handed","2","Drafted (IRE)","2","McDonald, P J","0","Horton, James","3","0","133","22.00","46","69",,"Showcasing","Flower Fashion (FR)","Colt",,"0",
"2022-08-08","14:45:00","Wolverhampton","Follow AtTheRaces On Twitter EBF Novice Stakes (GBB Race)","6f ","6","Class 5","Standard","3672","10","Left Handed","3","Forceful Speed (IRE)","2","Ryan, Rossa","0","Boughey, George","4","0","133","2.50","20","120",,"New Bay","Praden (USA)","Colt",,"0",
"2022-08-08","14:45:00","Wolverhampton","Follow AtTheRaces On Twitter EBF Novice Stakes (GBB Race)","6f ","6","Class 5","Standard","3672","10","Left Handed","4","Manuha (IRE)","2","Buick, William","0","Boughey, George","2","0","133","11.00","53","14",,"U S Navy Flag (USA)","Araajmh (USA)","Colt",,"0",
"2022-08-08","14:45:00","Wolverhampton","Follow AtTheRaces On Twitter EBF Novice Stakes (GBB Race)","6f ","6","Class 5","Standard","3672","10","Left Handed","5","Mutaany","2","Crowley, Jim","0","Hills, Charles","10","0","133","2.25","72","60",,"Invincible Spirit (IRE)","Madany (IRE)","Colt",,"0",
"2022-08-08","14:45:00","Wolverhampton","Follow AtTheRaces On Twitter EBF Novice Stakes (GBB Race)","6f ","6","Class 5","Standard","3672","10","Left Handed","6","Never Just A Dream (IRE)","2","Shoemark, Kieran","0","Mohammed, Ismail","11","0","133","12.00","8","17",,"No Nay Never (USA)","Poetic Imagination","Colt",,"0",
"2022-08-08","14:45:00","Wolverhampton","Follow AtTheRaces On Twitter EBF Novice Stakes (GBB Race)","6f ","6","Class 5","Standard","3672","10","Left Handed","7","Solitary Trees (IRE)","2","Muscutt, D","0","Boughey, George","8","0","133","66.00","'09","10",,"Churchill (IRE)","Its All For Luck (IRE)","Gelding",,"0",
"2022-08-08","14:45:00","Wolverhampton","Follow AtTheRaces On Twitter EBF Novice Stakes (GBB Race)","6f ","6","Class 5","Standard","3672","10","Left Handed","8","Starnberg (IRE)","2","Hitchcott, Sam","0","Hannon (Jnr), Richard","1","0","133","2.25","32","12",,"Clodovil (IRE)","Taaluf (IRE)","Colt",,"0",
"2022-08-08","14:45:00","Wolverhampton","Follow AtTheRaces On Twitter EBF Novice Stakes (GBB Race)","6f ","6","Class 5","Standard","3672","10","Left Handed","9","Ginny Jo","2","Mason, Joanna","0","Shaw, D","9","0","128","100.00","8","10",,"Massaat (IRE)","Skylla","Filly",,"0",
"2022-08-08","14:45:00","Wolverhampton","Follow AtTheRaces On Twitter EBF Novice Stakes (GBB Race)","6f ","6","Class 5","Standard","3672","10","Left Handed","10","Lsarafina","2","Hardie, Cameron","0","Shaw, D","6","0","128","100.00","'0","60",,"Hellvelyn","Naralsaif (IRE)","Filly",,"0",
"2022-08-08","14:45:00","Wolverhampton","Follow AtTheRaces On Twitter EBF Novice Stakes (GBB Race)","6f ","6","Class 5","Standard","3672","10","Left Handed","11","Soleil Blanc (IRE)","2","Clutterbuck, Rhys","3","Evans, P D","7","0","128","14.00","25","111",,"Fast Company (IRE)","Kathy Sun (IRE)","Filly",,"0",
"2022-08-08","15:00:00","Kempton","Unibet 3 Uniboosts A Day Nursery","1m ","8","Class 4","Standard To Slow","5616","4","Right Handed","1","One World","2","Havlin, Robert","0","Gosden, John and Thady","1","85","135","0.83","102","17","CkPc","Sea The Stars (IRE)","Time Chaser","Colt",,"0",
"2022-08-08","15:00:00","Kempton","Unibet 3 Uniboosts A Day Nursery","1m ","8","Class 4","Standard To Slow","5616","4","Right Handed","2","Crackovia","2","Kingscote, Richard","0","Johnston, M","4","83","133","2.25","312","23",,"Cracksman","Olvia (IRE)","Filly",,"0",
"2022-08-08","15:00:00","Kempton","Unibet 3 Uniboosts A Day Nursery","1m ","8","Class 4","Standard To Slow","5616","4","Right Handed","3","Fahari (IRE)","2","Sousa, Silvestre De","0","Crisford, Simon","2","73","123","4.00","5633","17",,"Shamardal (USA)","Tutu Nguru (USA)","Filly",,"0",
"2022-08-08","15:00:00","Kempton","Unibet 3 Uniboosts A Day Nursery","1m ","8","Class 4","Standard To Slow","5616","4","Right Handed","4","Clear To Land (IRE)","2","Quinn, Jimmy","0","Boughey, George","3","64","114","28.00","867247","13","CkPc","Dragon Pulse (IRE)","Miss Cogent (IRE)","Filly",,"0",
"2022-08-08","15:15:00","Wolverhampton","Free Tips Daily On attheraces.com Classified Stakes","7f ","7","Class 6","Standard","3726","12","Left Handed","1","Connemera Queen","9","Muscutt, D","0","Butler, John","8","48","135","9.00","9860618","10","CkPc","Major Cadeaux","Cashleen (USA)","Mare","CD","0",
"2022-08-08","15:15:00","Wolverhampton","Free Tips Daily On attheraces.com Classified Stakes","7f ","7","Class 6","Standard","3726","12","Left Handed","2","Dillydingdillydong","4","Ryan, Rossa","0","Hannon (Jnr), Richard","10","48","135","14.00","8088868","41",,"Territories (IRE)","Cephalonie (USA)","Gelding",,"0",
"2022-08-08","15:15:00","Wolverhampton","Free Tips Daily On attheraces.com Classified Stakes","7f ","7","Class 6","Standard","3726","12","Left Handed","3","Dodgy Bob","9","Kirrane, Sean","3","Mullineaux, M","12","41","135","80.00","'0758848","25","Blnk","Royal Applause","Rustam","Gelding","D","0",
"2022-08-08","15:15:00","Wolverhampton","Free Tips Daily On attheraces.com Classified Stakes","7f ","7","Class 6","Standard","3726","12","Left Handed","4","Fact Or Fable (IRE)","5","Keniry, L P","0","Moore, J S","1","50","135","6.50","1093365","91","CkPc","Alhebayeb (IRE)","Unreal","Gelding","CD","0",
"2022-08-08","15:15:00","Wolverhampton","Free Tips Daily On attheraces.com Classified Stakes","7f ","7","Class 6","Standard","3726","12","Left Handed","5","Giant Steps (IRE)","5","Gordon, Josephine","0","Barclay, Stella","4","49","135","4.00","5106523","10","Blnk","Footstepsinthesand","Saysim West (IRE)","Gelding",,"0",
"2022-08-08","15:15:00","Wolverhampton","Free Tips Daily On attheraces.com Classified Stakes","7f ","7","Class 6","Standard","3726","12","Left Handed","6","Hey Pretty (IRE)","7","Mason, Joanna","0","Wingrove, K G","5","43","135","8.50","8796073","10","CkPc","Society Rock (IRE)","Coffee Date (USA)","Gelding","D","0",
"2022-08-08","15:15:00","Wolverhampton","Free Tips Daily On attheraces.com Classified Stakes","7f ","7","Class 6","Standard","3726","12","Left Handed","7","Marchetti (IRE)","5","Catton, Luke","5","Fox, J C","7","48","135","6.50","3658562","33"," TT","Camelot","Though (IRE)","Mare",,"0",
"2022-08-08","15:15:00","Wolverhampton","Free Tips Daily On attheraces.com Classified Stakes","7f ","7","Class 6","Standard","3726","12","Left Handed","8","Maylah (IRE)","4","Larson, Frederick","5","Appleby, M","11","48","135","4.50","5604634","13",,"Mayson","Mahlah (IRE)","Gelding",,"0",
"2022-08-08","15:15:00","Wolverhampton","Free Tips Daily On attheraces.com Classified Stakes","7f ","7","Class 6","Standard","3726","12","Left Handed","9","Miss Connaisseur","4","McDonald, P J","0","Carr, Mrs R A","2","43","135","16.00","'0580647","12",,"Monsieur Bond (IRE)","China Cherub","Filly",,"0",
"2022-08-08","15:15:00","Wolverhampton","Free Tips Daily On attheraces.com Classified Stakes","7f ","7","Class 6","Standard","3726","12","Left Handed","10","Royal Heart (FR)","4","Ghiani, Marco","0","Dunlop, E A L","6","46","135","9.00","5965384","9","Hood","Wootton Bassett","Gift Of Life (USA)","Gelding","D","0",
"2022-08-08","15:15:00","Wolverhampton","Free Tips Daily On attheraces.com Classified Stakes","7f ","7","Class 6","Standard","3726","12","Left Handed","11","Secret To Success","4","Doyle, Hollie","0","McEntee, P S","3","48","135","10.00","7750730","103",,"Iffraaj","Secret Hint","Filly","C","0",
"2022-08-08","15:15:00","Wolverhampton","Free Tips Daily On attheraces.com Classified Stakes","7f ","7","Class 6","Standard","3726","12","Left Handed","12","Infinite Appeal","3","Clutterbuck, Rhys","3","Portman, J G","9","50","129","25.00","905","43",,"Equiano (FR)","Shy Appeal (IRE)","Filly",,"0",
"2022-08-08","15:30:00","Kempton","Try Our New Price Boosts At Unibet Fillies Handicap","1m4f ","12","Class 4","Standard To Slow","5616","7","Right Handed","1","Crema Inglesa (IRE)","4","Osborne, Saffie","3","Osborne, J A","4","85","142","11.00","512823P","31","Hood","Lope De Vega (IRE)","Creme Anglaise","Filly",,"0",
"2022-08-08","15:30:00","Kempton","Try Our New Price Boosts At Unibet Fillies Handicap","1m4f ","12","Class 4","Standard To Slow","5616","7","Right Handed","2","Arenas Del Tiempo","4","Callan, N","0","Boyle, J R","7","80","137","7.50","2723605","30",,"Footstepsinthesand","Vezere (USA)","Filly",,"0",
"2022-08-08","15:30:00","Kempton","Try Our New Price Boosts At Unibet Fillies Handicap","1m4f ","12","Class 4","Standard To Slow","5616","7","Right Handed","3","Greek Flame (FR)","4","Hornby, Rob","0","Fanshawe, J R","6","77","134","6.00","41322","23",,"Siyouni (FR)","Flame Of Hestia (IRE)","Filly",,"0",
"2022-08-08","15:30:00","Kempton","Try Our New Price Boosts At Unibet Fillies Handicap","1m4f ","12","Class 4","Standard To Slow","5616","7","Right Handed","4","Tamilla","3","Donohoe, Stephen","0","Haggas, W J","3","80","127","1.63","53421","14",,"Nathaniel (IRE)","Miss Pinkerton","Filly","D","0",
"2022-08-08","15:30:00","Kempton","Try Our New Price Boosts At Unibet Fillies Handicap","1m4f ","12","Class 4","Standard To Slow","5616","7","Right Handed","5","Hexameter","3","Egan, David","0","Varian, Roger","5","78","125","4.50","432","56",,"Ulysses (IRE)","Rythmique (IRE)","Filly",,"0",
"2022-08-08","15:30:00","Kempton","Try Our New Price Boosts At Unibet Fillies Handicap","1m4f ","12","Class 4","Standard To Slow","5616","7","Right Handed","6","Sous Les Etoiles","3","Turner, Hayley","0","Fellowes, Charlie","2","78","125","6.50","3214","30",,"Sea The Stars (IRE)","Nyarhini","Filly",,"0",
"2022-08-08","15:30:00","Kempton","Try Our New Price Boosts At Unibet Fillies Handicap","1m4f ","12","Class 4","Standard To Slow","5616","7","Right Handed","7","Electress","3","Fallon, Cieren","0","Beckett, R M","1","76","123","10.00","73256","24",,"Galileo (IRE)","Just The Judge (IRE)","Filly",,"0",
"2022-08-08","15:45:00","Wolverhampton","Cazoo Fillies Handicap","7f ","7","Class 5","Standard","4536","7","Left Handed","1","Valentinka","4","Ghiani, Marco","0","Botti, M","6","70","142","6.00","4631255","82","Blnk","Helmet (AUS)","Pantile","Filly",,"0",
"2022-08-08","15:45:00","Wolverhampton","Cazoo Fillies Handicap","7f ","7","Class 5","Standard","4536","7","Left Handed","2","Pearl Bay","4","Shoemark, Kieran","0","Candy, H","3","69","141","6.00","'01338","301",,"Cable Bay (IRE)","Pavonine","Filly","D","0",
"2022-08-08","15:45:00","Wolverhampton","Cazoo Fillies Handicap","7f ","7","Class 5","Standard","4536","7","Left Handed","3","Prenup (IRE)","3","Doyle, Hollie","0","Morrison, H","1","72","138","2.50","74662","16",,"Profitable (IRE)","Intimacy (IRE)","Filly",,"0",
"2022-08-08","15:45:00","Wolverhampton","Cazoo Fillies Handicap","7f ","7","Class 5","Standard","4536","7","Left Handed","4","Citrus Grove (IRE)","3","Muscutt, D","0","Fanshawe, J R","7","70","136","4.50","733","33",,"Oasis Dream","Zest (IRE)","Filly",,"0",
"2022-08-08","15:45:00","Wolverhampton","Cazoo Fillies Handicap","7f ","7","Class 5","Standard","4536","7","Left Handed","5","Rose Fandango","4","Fisher, Jonathan","5","Dixon, Scott","2","62","134","2.50","3557412","24"," TT","Exceed And Excel (AUS)","Mumtaza","Filly","CD","0",
"2022-08-08","15:45:00","Wolverhampton","Cazoo Fillies Handicap","7f ","7","Class 5","Standard","4536","7","Left Handed","6","Black Box","5","Larson, Frederick","5","Brisland, Robyn","5","61","133","40.00","343334","542",,"Iffraaj","Perfect Story (IRE)","Mare",,"0",
"2022-08-08","15:45:00","Wolverhampton","Cazoo Fillies Handicap","7f ","7","Class 5","Standard","4536","7","Left Handed","7","Spice Store","4","Mason, Joanna","0","Easterby, M W","4","54","126","22.00","4850850","9",,"Mastercraftsman (IRE)","Night Carnation","Filly",,"0",
"2022-08-08","16:00:00","Kempton","Racing TV Handicap","2m ","16","Class 6","Standard To Slow","2916","12","Right Handed","1","Tribal Commander","6","Hornby, Rob","0","Leech, Mrs S","12","67","144","14.00","380P551","198"," TT","Intikhab (USA)","Jessica Ennis (USA)","Gelding","D","0",
"2022-08-08","16:00:00","Kempton","Racing TV Handicap","2m ","16","Class 6","Standard To Slow","2916","12","Right Handed","2","Tin Fandango","7","Probert, David","0","Usher, M D I","8","67","144","5.00","9124223","34","CkPc","Steele Tango (USA)","Littlemoor Lass","Gelding","D","0",
"2022-08-08","16:00:00","Kempton","Racing TV Handicap","2m ","16","Class 6","Standard To Slow","2916","12","Right Handed","3","Blazon","9","Havlin, Robert","0","Bailey, K C","7","64","141","5.50","1163487","34","CkPc","Dansili","Zante","Gelding","CD","0",
"2022-08-08","16:00:00","Kempton","Racing TV Handicap","2m ","16","Class 6","Standard To Slow","2916","12","Right Handed","4","Yagan (IRE)","4","Morris, Luke","0","Prescott, Sir Mark","4","64","141","2.50","1112374","10",,"Australia","Navajo Moon (IRE)","Gelding",,"0",
"2022-08-08","16:00:00","Kempton","Racing TV Handicap","2m ","16","Class 6","Standard To Slow","2916","12","Right Handed","5","Rays The One","5","Callan, N","0","Pattinson, Mark","1","62","139","18.00","3575455","19",,"Mount Nelson","Tenpence","Gelding",,"0",
"2022-08-08","16:00:00","Kempton","Racing TV Handicap","2m ","16","Class 6","Standard To Slow","2916","12","Right Handed","6","Central City (IRE)","7","Furniss, Bradley","7","Kelleway, Miss Gay","10","62","139","18.00","'0121565","6","CkPc","Kodiac","She Basic (IRE)","Gelding","C D","0",
"2022-08-08","16:00:00","Kempton","Racing TV Handicap","2m ","16","Class 6","Standard To Slow","2916","12","Right Handed","7","Flying Standard (IRE)","5","Mitchell, Jack","0","Wall, C F","3","58","135","6.00","2221536","37",,"Starspangledbanner (AUS)","Snow Scene (IRE)","Gelding",,"0",
"2022-08-08","16:00:00","Kempton","Racing TV Handicap","2m ","16","Class 6","Standard To Slow","2916","12","Right Handed","8","Professor Calculus","4","Ladd, Theodore","0","Hawke, N J","11","56","133","40.00","5765804","25","CkPc","Twilight Son","Roslea Lady (IRE)","Gelding",,"0",
"2022-08-08","16:00:00","Kempton","Racing TV Handicap","2m ","16","Class 6","Standard To Slow","2916","12","Right Handed","9","Sir Joseph Swan","4","Egan, David","0","Perrett, Mrs A J","2","53","130","5.00","3237221","11",,"Paco Boy (IRE)","Candle","Gelding",,"0",
"2022-08-08","16:00:00","Kempton","Racing TV Handicap","2m ","16","Class 6","Standard To Slow","2916","12","Right Handed","10","Destinado","4","Fallon, Cieren","0","Carroll, A W","5","48","125","16.00","'0006478","33",,"Lope De Vega (IRE)","Contribution","Gelding",,"0",
"2022-08-08","16:00:00","Kempton","Racing TV Handicap","2m ","16","Class 6","Standard To Slow","2916","12","Right Handed","11","Lady Honore","3","Hansen, Thore","0","Haynes, Alice","6","60","124","16.00","5667","69",,"Dartmouth","Saint Honore","Filly",,"0",
"2022-08-08","16:00:00","Kempton","Racing TV Handicap","2m ","16","Class 6","Standard To Slow","2916","12","Right Handed","12","Oborne Lady (IRE)","9","Downing, George","0","Mullins, J W","9","46","123","50.00","'PP5007P","750",,"Watar (IRE)","Lady Shackleton (IRE)","Mare",,"0",
"2022-08-08","16:15:00","Wolverhampton","Download The At The Races App Apprentice Handicap","7f ","7","Class 6","Standard","3726","9","Left Handed","1","Two Summers (IRE)","3","Sexton, Ryan","3","Keatley, Adrian Paul","6","54","135","11.00","454686","9",,"Acclamation","Phalaborwa","Filly",,"0",
"2022-08-08","16:15:00","Wolverhampton","Download The At The Races App Apprentice Handicap","7f ","7","Class 6","Standard","3726","9","Left Handed","2","Darcys Rock","3","Dobie, Georgia","0","Davis, D J S Ffrench","5","53","134","2.25","9006521","17",,"Heeraat (IRE)","Rock On Candy","Filly","D","0",
"2022-08-08","16:15:00","Wolverhampton","Download The At The Races App Apprentice Handicap","7f ","7","Class 6","Standard","3726","9","Left Handed","3","Brazen Diamond","3","Kirrane, Sean","0","Brisland, Robyn","1","53","134","5.00","325","76",,"Brazen Beau (AUS)","Six Diamonds","Filly",,"0",
"2022-08-08","16:15:00","Wolverhampton","Download The At The Races App Apprentice Handicap","7f ","7","Class 6","Standard","3726","9","Left Handed","4","Alsamyah","3","Larson, Frederick","3","Johnson, B R","9","52","133","12.00","588938","34",,"Farhh","Chasing Rubies (IRE)","Filly",,"0",
"2022-08-08","16:15:00","Wolverhampton","Download The At The Races App Apprentice Handicap","7f ","7","Class 6","Standard","3726","9","Left Handed","5","Buachaill (IRE)","3","Clutterbuck, Rhys","0","Barclay, Stella","2","50","131","2.75","'0096587","5",,"Gregorian (IRE)","Anazah (USA)","Gelding",,"0",
"2022-08-08","16:15:00","Wolverhampton","Download The At The Races App Apprentice Handicap","7f ","7","Class 6","Standard","3726","9","Left Handed","6","Ritas Wish","3","Sanderson, Benjamin","0","Williams, Ian","3","45","126","12.00","806","19",,"Oasis Dream","Lizzie Siddal","Filly",,"0",
"2022-08-08","16:15:00","Wolverhampton","Download The At The Races App Apprentice Handicap","7f ","7","Class 6","Standard","3726","9","Left Handed","7","Becoming (IRE)","3","Stammers, Oliver","0","Stephens, Robert","8","45","126","22.00","3689446","17",,"Gleneagles (IRE)","Crystal Morning (IRE)","Filly",,"0",
"2022-08-08","16:15:00","Wolverhampton","Download The At The Races App Apprentice Handicap","7f ","7","Class 6","Standard","3726","9","Left Handed","8","Vienna Poppy","3","Wheatley, Zak","3","Wallis, Charlie","4","45","126","28.00","90064","47",,"Outstrip","La Adelita (IRE)","Filly",,"0",
"2022-08-08","16:15:00","Wolverhampton","Download The At The Races App Apprentice Handicap","7f ","7","Class 6","Standard","3726","9","Left Handed","9","Homemade Andrea (IRE)","3","Breslin, Andrew","0","Eddery, Robert","7","45","126","10.00","5040666","13"," TT","Showcasing","Sas (IRE)","Filly","CD","0",
"2022-08-08","16:35:00","Windsor","Buxted Bounty Apprentice Handicap (Div 1)","6f ","6","Class 6","Good To Firm","3726","11","Straight","1","Kaths Toyboy","4","Hutchinson, Callum","0","Murphy, Mike / Keady, Michael","11","57","137","2.25","2342282","9","Vsor","Gregorian (IRE)","Its Dubai Dolly","Gelding",,"0",
"2022-08-08","16:35:00","Windsor","Buxted Bounty Apprentice Handicap (Div 1)","6f ","6","Class 6","Good To Firm","3726","11","Straight","2","Youllovemewheniwin (IRE)","4","Timms, Oliver","5","Holland, Darryll","7","54","134","3.33","5335676","9","CkPc","Cable Bay (IRE)","Ventura Falcon (IRE)","Gelding","D","0",
"2022-08-08","16:35:00","Windsor","Buxted Bounty Apprentice Handicap (Div 1)","6f ","6","Class 6","Good To Firm","3726","11","Straight","3","Stellas Charlie","3","Mangan, Gina","0","Oshea, J G M","3","55","131","22.00","4739","31",,"Hot Streak (IRE)","Shes Minnie","Gelding",,"0",
"2022-08-08","16:35:00","Windsor","Buxted Bounty Apprentice Handicap (Div 1)","6f ","6","Class 6","Good To Firm","3726","11","Straight","4","Ower Starlight","4","Voikhansky, Alexander","5","Hannon (Jnr), Richard","9","50","130","16.00","'0660006","238",,"Cityscape","Rebel Magic","Colt",,"0",
"2022-08-08","16:35:00","Windsor","Buxted Bounty Apprentice Handicap (Div 1)","6f ","6","Class 6","Good To Firm","3726","11","Straight","5","Rooful","4","Keeley, Aidan","3","Houghton, Eve Johnson","2","50","130","6.00","7000269","25","CkPc","Charming Thought","Roodle","Filly","D","0",
"2022-08-08","16:35:00","Windsor","Buxted Bounty Apprentice Handicap (Div 1)","6f ","6","Class 6","Good To Firm","3726","11","Straight","6","Hagia Sophia","4","Planas, Connor","3","Mason, Christopher","8","49","129","5.50","3080935","28","Hood","Territories (IRE)","Aarti (IRE)","Filly",,"0",
"2022-08-08","16:35:00","Windsor","Buxted Bounty Apprentice Handicap (Div 1)","6f ","6","Class 6","Good To Firm","3726","11","Straight","7","Wiff Waff","7","Roux, Deon Le","5","Wintle, A","4","46","126","12.00","1258006","25","CkPc","Poets Voice","Eraadaat (IRE)","Gelding","D","0",
"2022-08-08","16:35:00","Windsor","Buxted Bounty Apprentice Handicap (Div 1)","6f ","6","Class 6","Good To Firm","3726","11","Straight","8","Global Acclamation","6","Howarth, Christian","0","Chamings, P R","1","46","126","12.00","3590847","31","Blnk","Acclamation","High Luminosity (USA)","Gelding","D","0",
"2022-08-08","16:35:00","Windsor","Buxted Bounty Apprentice Handicap (Div 1)","6f ","6","Class 6","Good To Firm","3726","11","Straight","9","Epeius (IRE)","9","Fisher, Taylor","5","Tickle, J","5","46","126","33.00","7986070","28","Vsor","Arakan (USA)","Gilda Lilly (USA)","Gelding","D","0",
"2022-08-08","16:35:00","Windsor","Buxted Bounty Apprentice Handicap (Div 1)","6f ","6","Class 6","Good To Firm","3726","11","Straight","10","Glen Rosa","4","Saunders, Tyler","0","West, Adam","6","46","126","28.00","'0254750","13","CkPc","Heeraat (IRE)","Aunt Minnie","Gelding",,"0",
"2022-08-08","16:35:00","Windsor","Buxted Bounty Apprentice Handicap (Div 1)","6f ","6","Class 6","Good To Firm","3726","11","Straight","11","Darke Horse","3","Phillips, Mollie","0","Carroll, A W","10","46","122","66.00","906","12",,"Outstrip","Atyaab","Gelding",,"0",
"2022-08-08","17:05:00","Windsor","Buxted Bounty Apprentice Handicap (Div 2)","6f ","6","Class 6","Good To Firm","3726","10","Straight","1","Sky Storm","5","Buckley, Tom","0","Stronge, Ali","5","55","135","40.00","334877","70",,"Night Of Thunder (IRE)","Dinvar Diva","Mare",,"0",
"2022-08-08","17:05:00","Windsor","Buxted Bounty Apprentice Handicap (Div 2)","6f ","6","Class 6","Good To Firm","3726","10","Straight","2","Adaay Atatime (IRE)","3","Cole, Morgan","3","Cox, C G","8","57","133","6.00","5876657","16","Vsor","Adaay (IRE)","Glacier Point","Gelding",,"0",
"2022-08-08","17:05:00","Windsor","Buxted Bounty Apprentice Handicap (Div 2)","6f ","6","Class 6","Good To Firm","3726","10","Straight","3","Amalfi Gem (IRE)","3","Howarth, Christian","0","Murphy, P G","4","54","130","11.00","8406018","54",,"Cotai Glory","Diamond Circle","Filly",,"0",
"2022-08-08","17:05:00","Windsor","Buxted Bounty Apprentice Handicap (Div 2)","6f ","6","Class 6","Good To Firm","3726","10","Straight","4","Ellie Piper","4","Burns, Harry","0","Brisland, Robyn","6","50","130","3.50","766792","25",,"Acclamation","Corncockle","Filly",,"0",
"2022-08-08","17:05:00","Windsor","Buxted Bounty Apprentice Handicap (Div 2)","6f ","6","Class 6","Good To Firm","3726","10","Straight","5","Juanita","3","Bass, George","0","Coakley, D J","2","53","129","4.00","466656","26","Hood","Adaay (IRE)","Kip","Filly",,"0",
"2022-08-08","17:05:00","Windsor","Buxted Bounty Apprentice Handicap (Div 2)","6f ","6","Class 6","Good To Firm","3726","10","Straight","6","Pollinate","4","Hutchinson, Callum","0","Candy, H","9","48","128","3.00","8482471","66",,"Oasis Dream","Spring Fling","Filly",,"0",
"2022-08-08","17:05:00","Windsor","Buxted Bounty Apprentice Handicap (Div 2)","6f ","6","Class 6","Good To Firm","3726","10","Straight","7","Master Sully","4","Phillips, Mollie","0","Carroll, A W","10","46","126","50.00","607707","185",,"Coach House (IRE)","Dawn Catcher","Gelding",,"0",
"2022-08-08","17:05:00","Windsor","Buxted Bounty Apprentice Handicap (Div 2)","6f ","6","Class 6","Good To Firm","3726","10","Straight","8","Vincenzo Coccotti (USA)","10","Keeley, Aidan","3","Chamings, P R","1","46","126","40.00","8378460","9","CkPc","Speightstown (USA)","Ocean Colors (USA)","Gelding","D","0",
"2022-08-08","17:05:00","Windsor","Buxted Bounty Apprentice Handicap (Div 2)","6f ","6","Class 6","Good To Firm","3726","10","Straight","9","Kaswarah (IRE)","4","Mangan, Gina","0","Oshea, J G M","7","46","126","8.00","'0309260","27",,"Mehmas (IRE)","Beautiful Dancer (IRE)","Filly",,"0",
"2022-08-08","17:05:00","Windsor","Buxted Bounty Apprentice Handicap (Div 2)","6f ","6","Class 6","Good To Firm","3726","10","Straight","10","Pokhara (IRE)","3","Fraser, Kaiya","5","Foy, Kevin","3","48","124","7.50","5696","13",,"The Gurkha (IRE)","Shagra (IRE)","Filly",,"0",
"2022-08-08","17:25:00","Ballinrobe","Brodericks Electrical Claiming Hurdle","2m.5f ","16.5",,"Good","5575","9","Right Handed","1","Gaius (FR)","6","Brogan, Kevin","0","Kelly, Noel C","0","100","168","25.00","500459","80",,"Leroidesanimaux (BRZ)","Upperville (IRE)","Gelding",,"8",
"2022-08-08","17:25:00","Ballinrobe","Brodericks Electrical Claiming Hurdle","2m.5f ","16.5",,"Good","5575","9","Right Handed","2","Longclaw (USA)","5","McGarvey, J S","0","Kelly, Noel C","0","110","168","33.00","'0009839","43"," TT","Kittens Joy (USA)","Secret Union (USA)","Gelding","D","8",
"2022-08-08","17:25:00","Ballinrobe","Brodericks Electrical Claiming Hurdle","2m.5f ","16.5",,"Good","5575","9","Right Handed","3","Vado Forte (FR)","9","Kennedy, J W","0","Elliott, Gordon","0","124","168","1.20","4155051","8",,"Walk In The Park (IRE)","Gloire (FR)","Gelding","D","8",
"2022-08-08","17:25:00","Ballinrobe","Brodericks Electrical Claiming Hurdle","2m.5f ","16.5",,"Good","5575","9","Right Handed","4","Bal De Rio (FR)","9","King, D","7","Hogan, Denis Gerard","0","116","162","14.00","9104606","4","CkPc","Vertigineux (FR)","Baldoranic (FR)","Gelding","D","8",
"2022-08-08","17:25:00","Ballinrobe","Brodericks Electrical Claiming Hurdle","2m.5f ","16.5",,"Good","5575","9","Right Handed","5","Wonder Laish","10","Byrnes, Mr P","7","Byrnes, C","0","136","158","1.50","3303105","309","CkPc","Halling (USA)","Wonder Why (GER)","Gelding",,"8",
"2022-08-08","17:25:00","Ballinrobe","Brodericks Electrical Claiming Hurdle","2m.5f ","16.5",,"Good","5575","9","Right Handed","6","Politicise (IRE)","6","OKeeffe, Darragh","0","McGuinness, Adrian","0","120","156","14.00","6090000","10","CkPc","Camelot","Politesse (USA)","Gelding",,"8",
"2022-08-08","17:25:00","Ballinrobe","Brodericks Electrical Claiming Hurdle","2m.5f ","16.5",,"Good","5575","9","Right Handed","7","Ardamir (FR)","10","Blackmore, Rachael","0","ODonnell, P F","0","106","150","7.00","4489083","20","CkPc","Deportivo","Kiss And Cry (FR)","Gelding","C D","8",
"2022-08-08","17:25:00","Ballinrobe","Brodericks Electrical Claiming Hurdle","2m.5f ","16.5",,"Good","5575","9","Right Handed","8","Breffni Brave (IRE)","5","Gainford, Mr J C","0","Elliott, Gordon","0","90","148","25.00","9476930","1","CkPc","Shirocco (GER)","Breffni Gael (IRE)","Gelding",,"8",
"2022-08-08","17:25:00","Ballinrobe","Brodericks Electrical Claiming Hurdle","2m.5f ","16.5",,"Good","5575","9","Right Handed","9","Hooklinesinker (IRE)","4","Torrens, Simon","0","Levins, J F","0","90","143","50.00","'0080050","26","Blnk","Xtension (IRE)","Gaiety Theatre (USA)","Gelding",,"8",
"2022-08-08","17:35:00","Windsor","At The Races App Market Movers British EBF Restricted Novice Stakes (GBB Race)","6f ","6","Class 5","Good To Firm","3672","12","Straight","1","Back In Tennessee (IRE)","2","Harley, M","0","Meehan, B J","4","0","133","22.00","'07","10",,"Air Force Blue (USA)","Purr And Prowl (USA)","Gelding",,"0",
"2022-08-08","17:35:00","Windsor","At The Races App Market Movers British EBF Restricted Novice Stakes (GBB Race)","6f ","6","Class 5","Good To Firm","3672","12","Straight","2","No News (IRE)","2","Marsh, Finley","0","Hughes, Richard","6","0","133","28.00","'0","13",,"Prince Of Lir (IRE)","Lost Highway (IRE)","Colt",,"0",
"2022-08-08","17:35:00","Windsor","At The Races App Market Movers British EBF Restricted Novice Stakes (GBB Race)","6f ","6","Class 5","Good To Firm","3672","12","Straight","3","Pearl Eye","2","Watson, Jason","0","Holland, Darryll","10","0","133","16.00","none",,,"Expert Eye","Treat Gently","Colt",,"0",
"2022-08-08","17:35:00","Windsor","At The Races App Market Movers British EBF Restricted Novice Stakes (GBB Race)","6f ","6","Class 5","Good To Firm","3672","12","Straight","4","Ricardo Ofworthing (IRE)","2","Bradley, Paddy","3","Boyle, J R","2","0","133","66.00","'0","28",,"Dandy Man (IRE)","Shamardyh (IRE)","Colt",,"0",
"2022-08-08","17:35:00","Windsor","At The Races App Market Movers British EBF Restricted Novice Stakes (GBB Race)","6f ","6","Class 5","Good To Firm","3672","12","Straight","5","Boy Browning","2","Bishop, Charles","0","Houghton, Eve Johnson","11","0","131","0.67","5","13",,"Brazen Beau (AUS)","Rahaaba (IRE)","Colt",,"0",
"2022-08-08","17:35:00","Windsor","At The Races App Market Movers British EBF Restricted Novice Stakes (GBB Race)","6f ","6","Class 5","Good To Firm","3672","12","Straight","6","Spireite Boy","2","Kelly, Shane","0","Kelleway, Miss Gay","3","0","131","50.00","'0","19",,"Tasleet","Midnight Fantasy","Gelding",,"0",
"2022-08-08","17:35:00","Windsor","At The Races App Market Movers British EBF Restricted Novice Stakes (GBB Race)","6f ","6","Class 5","Good To Firm","3672","12","Straight","7","Coloane (IRE)","2","Egan, John","0","Jarvis, W","8","0","128","8.50","5","15",,"Cotai Glory","Stylish One (IRE)","Filly",,"0",
"2022-08-08","17:35:00","Windsor","At The Races App Market Movers British EBF Restricted Novice Stakes (GBB Race)","6f ","6","Class 5","Good To Firm","3672","12","Straight","8","Jax Edge","2","Mangan, Gina","5","Mason, Christopher","12","0","128","100.00","7","41",,"Cable Bay (IRE)","Bright Edge","Filly",,"0",
"2022-08-08","17:35:00","Windsor","At The Races App Market Movers British EBF Restricted Novice Stakes (GBB Race)","6f ","6","Class 5","Good To Firm","3672","12","Straight","9","Love Getaway (IRE)","2","Noble, Cameron","0","Varian, Roger","9","0","128","16.00","67","12",,"Galileo Gold","Love Intrigue (IRE)","Filly",,"0",
"2022-08-08","17:35:00","Windsor","At The Races App Market Movers British EBF Restricted Novice Stakes (GBB Race)","6f ","6","Class 5","Good To Firm","3672","12","Straight","10","Mother India (IRE)","2","Keenan, Darragh","0","Haynes, Alice","7","0","128","8.00","30","11",,"Profitable (IRE)","Fuaigh Mor (IRE)","Filly",,"0",
"2022-08-08","17:35:00","Windsor","At The Races App Market Movers British EBF Restricted Novice Stakes (GBB Race)","6f ","6","Class 5","Good To Firm","3672","12","Straight","11","Nashur","2","Crouch, Hector","0","Foy, Kevin","1","0","128","3.50","23","59",,"Havana Grey","Sonnellino","Filly",,"0",
"2022-08-08","17:35:00","Windsor","At The Races App Market Movers British EBF Restricted Novice Stakes (GBB Race)","6f ","6","Class 5","Good To Firm","3672","12","Straight","12","Tranquillity","2","Rooke, George","0","Morrison, H","5","0","128","33.00","'0","15",,"Massaat (IRE)","Tranquil Flight","Filly",,"0",
"2022-08-08","17:45:00","Ripon","Forbes Gifts And Interiors Ripon Apprentice Handicap","1m ","8","Class 6","Good","3456","8","Right Handed","1","Temper Trap","5","Wilkie, Brandon","8","Easterby, T D","8","60","135","1.50","'0054451","9",,"Slade Power (IRE)","Sloane Square","Gelding","D","0",
"2022-08-08","17:45:00","Ripon","Forbes Gifts And Interiors Ripon Apprentice Handicap","1m ","8","Class 6","Good","3456","8","Right Handed","2","Royal Prospect (IRE)","7","Lewis, Owen","3","Mullaney, L A","5","57","132","3.50","'0890951","7"," TT","Thewayyouare (USA)","Jillian (USA)","Gelding","D","0",
"2022-08-08","17:45:00","Ripon","Forbes Gifts And Interiors Ripon Apprentice Handicap","1m ","8","Class 6","Good","3456","8","Right Handed","3","Eagle Eyed Freddie","4","Parkinson, Erika","3","Appleby, M","3","56","131","1.75","5700011","9"," TT","Gleneagles (IRE)","Spice Trail","Gelding","D","0",
"2022-08-08","17:45:00","Ripon","Forbes Gifts And Interiors Ripon Apprentice Handicap","1m ","8","Class 6","Good","3456","8","Right Handed","4","False Id","9","Hopper, Paige","7","Spencer, Seb","4","50","125","28.00","5271346","552","Blnk","Aqlaam","Miss Dutee","Gelding","D","0",
"2022-08-08","17:45:00","Ripon","Forbes Gifts And Interiors Ripon Apprentice Handicap","1m ","8","Class 6","Good","3456","8","Right Handed","5","Elisheva (IRE)","4","Winn, Mark","0","Jackson, Miss T","2","49","124","22.00","'P5560","12",,"Camacho","Smoken Rosa (USA)","Filly",,"0",
"2022-08-08","17:45:00","Ripon","Forbes Gifts And Interiors Ripon Apprentice Handicap","1m ","8","Class 6","Good","3456","8","Right Handed","6","Perfect Soldier (IRE)","8","Brookes, Aiden","0","Storey, W","1","46","121","22.00","2647095","7","CkPc","Kodiac","Independent Girl (IRE)","Gelding","D","0",
"2022-08-08","17:45:00","Ripon","Forbes Gifts And Interiors Ripon Apprentice Handicap","1m ","8","Class 6","Good","3456","8","Right Handed","7","Deconso","6","Sanna, G","0","Kellett, C N","6","46","121","50.00","1708079","188",,"Dandy Man (IRE)","Tranquil Flight","Gelding","D","0",
"2022-08-08","17:45:00","Ripon","Forbes Gifts And Interiors Ripon Apprentice Handicap","1m ","8","Class 6","Good","3456","8","Right Handed","8","Barney Too","5","Jary, Alex","3","Williamson, Mrs L","7","46","121","66.00","'0870","279",,"Mazameer (IRE)","Ballin Toy Bay","Gelding",,"0",
"2022-08-08","17:55:00","Ballinrobe","J.J. Burke Peugeot 3-Y-O Maiden Hurdle","2m.5f ","16.5",,"Good","5575","12","Right Handed","1","Charlie Luciano (IRE)","3","Cooper, Bryan J","0","Meade, Noel","0","0","152","5.50","87699U2","18",,"Bobbys Kitten (USA)","Viennese Whirl","Gelding",,"8",
"2022-08-08","17:55:00","Ballinrobe","J.J. Burke Peugeot 3-Y-O Maiden Hurdle","2m.5f ","16.5",,"Good","5575","12","Right Handed","2","Figaruso (IRE)","3","Smithers, P T","7","Conlon, Joe","0","0","152","2.50","'02","24",,"Fulbright","Rousseau (IRE)","Gelding",,"8",
"2022-08-08","17:55:00","Ballinrobe","J.J. Burke Peugeot 3-Y-O Maiden Hurdle","2m.5f ","16.5",,"Good","5575","12","Right Handed","3","Mr Globalist (IRE)","3","OSullivan, James","5","Rothwell, P J","0","0","152","3.50","8460523","24",,"Highland Reel (IRE)","Trimurti (USA)","Gelding",,"8",
"2022-08-08","17:55:00","Ballinrobe","J.J. Burke Peugeot 3-Y-O Maiden Hurdle","2m.5f ","16.5",,"Good","5575","12","Right Handed","4","Notwithstanding (IRE)","3","Enright, P T","0","Bromhead, Henry De","0","0","152","8.00","439566","28","Hood TT","El Kabeir (USA)","Queen Grace (IRE)","Gelding",,"8",
"2022-08-08","17:55:00","Ballinrobe","J.J. Burke Peugeot 3-Y-O Maiden Hurdle","2m.5f ","16.5",,"Good","5575","12","Right Handed","5","Petrila (IRE)","3","OKeeffe, Darragh","0","OSullivan, Ross","0","0","152","10.00","'0054","24",,"Acclamation","Simply Awesome (IRE)","Gelding",,"8",
"2022-08-08","17:55:00","Ballinrobe","J.J. Burke Peugeot 3-Y-O Maiden Hurdle","2m.5f ","16.5",,"Good","5575","12","Right Handed","6","Surac (IRE)","3","Mullins, D E","0","OBrien, Richard John","0","0","152","8.50","5866455","28",,"Frankel","Belesta","Gelding",,"8",
"2022-08-08","17:55:00","Ballinrobe","J.J. Burke Peugeot 3-Y-O Maiden Hurdle","2m.5f ","16.5",,"Good","5575","12","Right Handed","7","Tell Her Nothing (IRE)","3","Brouder, Gearoid","5","Duke, B W","0","0","152","80.00","'0","59",,"Fulbright","Stella Etoile (IRE)","Gelding",,"8",
"2022-08-08","17:55:00","Ballinrobe","J.J. Burke Peugeot 3-Y-O Maiden Hurdle","2m.5f ","16.5",,"Good","5575","12","Right Handed","8","Calico (FR)","3","Kennedy, J W","0","Elliott, Gordon","0","0","145","4.50","none",,,"Spanish Moon (USA)","Taffetas (FR)","Filly",,"8",
"2022-08-08","17:55:00","Ballinrobe","J.J. Burke Peugeot 3-Y-O Maiden Hurdle","2m.5f ","16.5",,"Good","5575","12","Right Handed","9","Darisana (FR)","3","Slevin, J J","0","Rothwell, P J","0","0","145","100.00","86999","24",,"Dariyan (FR)","Sanada (IRE)","Filly",,"8",
"2022-08-08","17:55:00","Ballinrobe","J.J. Burke Peugeot 3-Y-O Maiden Hurdle","2m.5f ","16.5",,"Good","5575","12","Right Handed","10","Stabila (IRE)","3","OHanlon, P J","5","Flannery, M","0","0","145","18.00","'0004000","28",,"Vocalised (USA)","Mearu (IRE)","Filly",,"8",
"2022-08-08","17:55:00","Ballinrobe","J.J. Burke Peugeot 3-Y-O Maiden Hurdle","2m.5f ","16.5",,"Good","5575","12","Right Handed","11","Starlight Rose (IRE)","3","OKeeffe, Sean F","0","Dowling, Thomas","0","0","145","7.50","'008001","17"," TT","El Kabeir (USA)","Twenty Roses (IRE)","Filly",,"8",
"2022-08-08","17:55:00","Ballinrobe","J.J. Burke Peugeot 3-Y-O Maiden Hurdle","2m.5f ","16.5",,"Good","5575","12","Right Handed","12","You Do You Boo (IRE)","3","McGivern, Mr C","7","Magee, Patrick","0","0","145","100.00","'/0U7","24","Blnk TT","Mastercraftsman (IRE)","Xarzee (IRE)","Filly",,"8",
"2022-08-08","18:05:00","Windsor","Frimley Health Charity Nursery","6f ","6","Class 6","Good To Firm","3726","8","Straight","1","Sassy Redhead","2","Bass, George","5","Stone, W B","5","55","135","2.75","8484","12",,"Harry Angel (IRE)","Passcode","Filly",,"0",
"2022-08-08","18:05:00","Windsor","Frimley Health Charity Nursery","6f ","6","Class 6","Good To Firm","3726","8","Straight","2","Candy Rain (IRE)","2","Planas, Connor","7","Bell, M L W","1","55","135","12.00","45647","19",,"Kodiac","Stormy Clouds (IRE)","Filly",,"0",
"2022-08-08","18:05:00","Windsor","Frimley Health Charity Nursery","6f ","6","Class 6","Good To Firm","3726","8","Straight","3","Destinys Spirit","2","Harley, M","0","Davis, D J S Ffrench","6","53","133","22.00","6655","33",,"Lightning Spear","Ellen Gates","Filly",,"0",
"2022-08-08","18:05:00","Windsor","Frimley Health Charity Nursery","6f ","6","Class 6","Good To Firm","3726","8","Straight","4","Nifaliophobia (IRE)","2","Edmunds, Lewis","0","Tinkler, N","3","52","132","1.75","96791","9","Vsor","Zoffany (IRE)","Wild Bloom","Gelding","D","0",
"2022-08-08","18:05:00","Windsor","Frimley Health Charity Nursery","6f ","6","Class 6","Good To Firm","3726","8","Straight","5","Durley Girl","2","Bishop, Charles","0","Channon, M R","7","52","132","14.00","894","14",,"Coulsty (IRE)","Winkaway","Filly",,"0",
"2022-08-08","18:05:00","Windsor","Frimley Health Charity Nursery","6f ","6","Class 6","Good To Firm","3726","8","Straight","6","Talamanca","2","Fisher, Taylor","7","Spencer, Richard","2","49","129","4.50","67025","1","CkPc","Rajasinghe (IRE)","Bakoura","Gelding",,"0",
"2022-08-08","18:05:00","Windsor","Frimley Health Charity Nursery","6f ","6","Class 6","Good To Firm","3726","8","Straight","7","Poppy Field (IRE)","2","Hutchinson, Callum","5","Houghton, Eve Johnson","8","46","126","14.00","59044","4",,"James Garfield (IRE)","Coup De Main (IRE)","Filly",,"0",
"2022-08-08","18:05:00","Windsor","Frimley Health Charity Nursery","6f ","6","Class 6","Good To Firm","3726","8","Straight","8","Madam Pickle","2","Coakley, Ross","0","Millman, B R","4","45","125","20.00","805","16",,"Hellvelyn","Wilspas Magic (IRE)","Filly",,"0",
"2022-08-08","18:15:00","Ripon","British Stallion Studs EBF Restricted Novice Stakes (GBB Race)","5f ","5","Class 5","Good","3699","8","Straight","1","Not For Profit (IRE)","2","Tudhope, Daniel","0","OMeara, D","8","74","135","2.50","610","23",,"Profitable (IRE)","Poole Belle (IRE)","Colt","D","0",
"2022-08-08","18:15:00","Ripon","British Stallion Studs EBF Restricted Novice Stakes (GBB Race)","5f ","5","Class 5","Good","3699","8","Straight","2","Squealer (IRE)","2","Scott, Rowan","0","Tinkler, N","2","0","130","9.00","none",,,"Mehmas (IRE)","Sunny Hollow","Gelding",,"0",
"2022-08-08","18:15:00","Ripon","British Stallion Studs EBF Restricted Novice Stakes (GBB Race)","5f ","5","Class 5","Good","3699","8","Straight","3","Premier Option (IRE)","2","Allan, David","0","Easterby, T D","4","0","128","10.00","8","9",,"Profitable (IRE)","Piccola Sissi (IRE)","Gelding",,"0",
"2022-08-08","18:15:00","Ripon","British Stallion Studs EBF Restricted Novice Stakes (GBB Race)","5f ","5","Class 5","Good","3699","8","Straight","4","Secret Mistral","2",,"0","Carroll, A W","5","75","128","0.00","7124","31",,"Pearl Secret","Beau Mistral (IRE)","Filly",,"0",
"2022-08-08","18:15:00","Ripon","British Stallion Studs EBF Restricted Novice Stakes (GBB Race)","5f ","5","Class 5","Good","3699","8","Straight","5","Villemacho (IRE)","2","Hamilton, Tony","0","Fahey, R A","7","0","128","20.00","5","107",,"Camacho","Viletta (GER)","Colt",,"0",
"2022-08-08","18:15:00","Ripon","British Stallion Studs EBF Restricted Novice Stakes (GBB Race)","5f ","5","Class 5","Good","3699","8","Straight","6","Act Of Will","2","Garritty, Jack","0","Brooke, Daniel","1","0","126","3.33","2","56",,"Mondialiste (IRE)","Silver Act (IRE)","Colt",,"0",
"2022-08-08","18:15:00","Ripon","British Stallion Studs EBF Restricted Novice Stakes (GBB Race)","5f ","5","Class 5","Good","3699","8","Straight","7","Dark Crusade (IRE)","2","Lee, G","0","Midgley, P T","3","0","126","28.00","none",,,"Camacho","Always Gentle (IRE)","Gelding",,"0",
"2022-08-08","18:15:00","Ripon","British Stallion Studs EBF Restricted Novice Stakes (GBB Race)","5f ","5","Class 5","Good","3699","8","Straight","8","Expeditious","2","ONeill, K T","0","Haynes, Alice","6","70","123","2.50","662","16",,"Fast Company (IRE)","Voladora (IRE)","Filly",,"0",
"2022-08-08","18:15:00","Ripon","British Stallion Studs EBF Restricted Novice Stakes (GBB Race)","5f ","5","Class 5","Good","3699","8","Straight","9","Ladywantaway (IRE)","2","Peate, Jonny","5","Fell, Roger","9","0","121","20.00","'0","9",,"Awtaad (IRE)","Lady Vyrnwy (IRE)","Filly",,"0",
"2022-08-08","18:25:00","Ballinrobe","Carneys Eating House Maiden Hurdle","2m.5f ","16.5",,"Good","5575","13","Right Handed","1","Estepona Sun","5","Byrnes, Mr P","7","Byrnes, C","0","107","166","3.33","'0037202","2",,"Tamayuz","Dharwa","Gelding",,"8",
"2022-08-08","18:25:00","Ballinrobe","Carneys Eating House Maiden Hurdle","2m.5f ","16.5",,"Good","5575","13","Right Handed","2","Lun Deux Trois (IRE)","6","Condon, R J","7","McKiernan, Oliver","0","101","166","12.00","'0009012","21","CkPc TT","Mastercraftsman (IRE)","Moment Juste","Gelding",,"8",
"2022-08-08","18:25:00","Ballinrobe","Carneys Eating House Maiden Hurdle","2m.5f ","16.5",,"Good","5575","13","Right Handed","3","Evergreen And Red (IRE)","4","Cooper, Bryan J","0","Meade, Noel","0","118","163","3.33","8222648","32",,"Requinto (IRE)","Lukes Well (IRE)","Gelding",,"8",
"2022-08-08","18:25:00","Ballinrobe","Carneys Eating House Maiden Hurdle","2m.5f ","16.5",,"Good","5575","13","Right Handed","4","Nos Na Gaoithe (IRE)","5","Mullins, D E","0","Mullins, W P","0","0","159","2.00","150523","63"," TT","Yeats (IRE)","Peggy Cullen (IRE)","Mare",,"8",
"2022-08-08","18:25:00","Ballinrobe","Carneys Eating House Maiden Hurdle","2m.5f ","16.5",,"Good","5575","13","Right Handed","5","Champagne Trail (IRE)","6","Enright, P T","0","OMara, T J","0","0","158","25.00","none",,,"Most Improved (IRE)","Gentle Caribou (IRE)","Gelding",,"8",
"2022-08-08","18:25:00","Ballinrobe","Carneys Eating House Maiden Hurdle","2m.5f ","16.5",,"Good","5575","13","Right Handed","6","Nonbinding (IRE)","5","Kennedy, J W","0","Elliott, Gordon","0","0","158","5.00","'0250","166",,"Kalanisi (IRE)","Mirazur (IRE)","Gelding",,"8",
"2022-08-08","18:25:00","Ballinrobe","Carneys Eating House Maiden Hurdle","2m.5f ","16.5",,"Good","5575","13","Right Handed","7","Positive Thinker (IRE)","5","Landers, Cathal A","0","McDonagh, Michael J","0","0","158","50.00","none",,,"Ocovango","Clip Her Tail (IRE)","Gelding",,"8",
"2022-08-08","18:25:00","Ballinrobe","Carneys Eating House Maiden Hurdle","2m.5f ","16.5",,"Good","5575","13","Right Handed","8","Sir Prince Edmond (IRE)","5","Blackmore, Rachael","0","Bromhead, Henry De","0","0","158","8.00","none",,,"Kalanisi (IRE)","Rock Angel (IRE)","Gelding",,"8",
"2022-08-08","18:25:00","Ballinrobe","Carneys Eating House Maiden Hurdle","2m.5f ","16.5",,"Good","5575","13","Right Handed","9","Willie Bob (IRE)","5","Deegan, R","0","Hourigan, Michael","0","0","158","50.00","'0P7F","35",,"Libertarian","Whatsdacraic (IRE)","Gelding",,"8",
"2022-08-08","18:25:00","Ballinrobe","Carneys Eating House Maiden Hurdle","2m.5f ","16.5",,"Good","5575","13","Right Handed","10","Abstract (IRE)","4","OKeeffe, Sean F","0","OBrien, Richard John","0","0","155","25.00","8344936","4",,"Sea The Stars (IRE)","Sense Of Purpose (IRE)","Gelding",,"8",
"2022-08-08","18:25:00","Ballinrobe","Carneys Eating House Maiden Hurdle","2m.5f ","16.5",,"Good","5575","13","Right Handed","11","Cant Stop Smiling (IRE)","4","Dempsey, Luke","0","Howard, Aidan Anthony","0","0","148","33.00","none",,"Hood","Walk In The Park (IRE)","Florishwells Dete (FR)","Filly",,"8",
"2022-08-08","18:25:00","Ballinrobe","Carneys Eating House Maiden Hurdle","2m.5f ","16.5",,"Good","5575","13","Right Handed","12","Lovango (IRE)","4","Hayes, Brian","0","OShea, Miss Denise Marie","0","0","148","12.00","none",,,"Ocovango","Love Arrow (IRE)","Filly",,"8",
"2022-08-08","18:25:00","Ballinrobe","Carneys Eating House Maiden Hurdle","2m.5f ","16.5",,"Good","5575","13","Right Handed","13","Stay Local (IRE)","4","Torrens, Simon","0","Howard, Aidan Anthony","0","0","148","20.00","'0870432","83","Hood","Australia","Back To Base (IRE)","Filly",,"8",
"2022-08-08","18:35:00","Windsor","OHalloran & OBrien Novice Stakes (GBB Race)","5f ","5","Class 5","Good To Firm","4320","7","Straight","1","Battle Point (IRE)","3","Hutchinson, Callum","5","Attwater, M J","6","59","133","12.00","7843556","97",,"Dandy Man (IRE)","Paddy Again (IRE)","Colt",,"0",
"2022-08-08","18:35:00","Windsor","OHalloran & OBrien Novice Stakes (GBB Race)","5f ","5","Class 5","Good To Firm","4320","7","Straight","2","Fair And Square","3","Watson, Jason","0","Harris, R A","5","60","133","5.00","4432345","10","Blnk","Kodiac","Slatey Hen (IRE)","Gelding",,"0",
"2022-08-08","18:35:00","Windsor","OHalloran & OBrien Novice Stakes (GBB Race)","5f ","5","Class 5","Good To Firm","4320","7","Straight","3","My Genghis","3","Dawson, R","0","Carroll, A W","7","72","133","2.75","'063","37",,"Mukhadram","Assertive Agent","Gelding",,"0",
"2022-08-08","18:35:00","Windsor","OHalloran & OBrien Novice Stakes (GBB Race)","5f ","5","Class 5","Good To Firm","4320","7","Straight","4","Rich Rhythm","3","Crouch, Hector","0","Beckett, R M","3","0","133","1.75","38","55",,"Profitable (IRE)","Gift Of Music (IRE)","Gelding",,"0",
"2022-08-08","18:35:00","Windsor","OHalloran & OBrien Novice Stakes (GBB Race)","5f ","5","Class 5","Good To Firm","4320","7","Straight","5","Shawaag (IRE)","3","Egan, John","0","Brown, Andi","4","0","133","28.00","2","26",,"Kodiac","Question (USA)","Gelding",,"0",
"2022-08-08","18:35:00","Windsor","OHalloran & OBrien Novice Stakes (GBB Race)","5f ","5","Class 5","Good To Firm","4320","7","Straight","6","Heartbreak Lass","3","ONeill, Dane","0","Candy, H","1","0","128","7.50","none",,,"Cotai Glory","Motion Lass","Filly",,"0",
"2022-08-08","18:35:00","Windsor","OHalloran & OBrien Novice Stakes (GBB Race)","5f ","5","Class 5","Good To Firm","4320","7","Straight","7","Kerkyra Island","3","Carver, William","3","Balding, A M","2","0","128","9.00","5","77",,"Exceed And Excel (AUS)","Stay Silent (IRE)","Filly",,"0",
"2022-08-08","18:45:00","Ripon","Titanium Racing Club Nursery","6f ","6","Class 5","Good","3996","9","Straight","1","Grey Force One","2","Mulrennan, Paul","0","Fairhurst, C W","7","76","136","7.00","'015","30",,"Lethal Force (IRE)","Flamenco","Gelding","CD","0",
"2022-08-08","18:45:00","Ripon","Titanium Racing Club Nursery","6f ","6","Class 5","Good","3996","9","Straight","2","Stunt Game (IRE)","2","Curtis, B A","0","Foy, Kevin","6","76","136","2.25","222","30",,"Dandy Man (IRE)","Rathbride Raven","Colt",,"0",
"2022-08-08","18:45:00","Ripon","Titanium Racing Club Nursery","6f ","6","Class 5","Good","3996","9","Straight","3","Treble Glory (IRE)","2","Scott, Rowan","0","Tinkler, N","1","74","134","8.50","5334","16",,"Cotai Glory","Kodafine (IRE)","Colt",,"0",
"2022-08-08","18:45:00","Ripon","Titanium Racing Club Nursery","6f ","6","Class 5","Good","3996","9","Straight","4","Teatime Tipple","2","Schofield, Kieran","5","Coyle, Tony","4","72","132","20.00","620","59",,"Pastoral Pursuits","Mad Jazz","Gelding",,"0",
"2022-08-08","18:45:00","Ripon","Titanium Racing Club Nursery","6f ","6","Class 5","Good","3996","9","Straight","5","Granny B (IRE)","2","Hart, Jason","0","Quinn, J J","2","70","130","5.00","752","15",,"Acclamation","Debuetantin","Filly",,"0",
"2022-08-08","18:45:00","Ripon","Titanium Racing Club Nursery","6f ","6","Class 5","Good","3996","9","Straight","6","The Twilight Lady","2","Peate, Jonny","5","Fell, Roger","5","66","126","14.00","5105540","13",,"Twilight Son","Private View","Filly","C","0",
"2022-08-08","18:45:00","Ripon","Titanium Racing Club Nursery","6f ","6","Class 5","Good","3996","9","Straight","7","Lolas Moment","2","Allan, David","0","Easterby, T D","3","66","126","16.00","72354","26",,"Ardad (IRE)","Cards","Filly",,"0",
"2022-08-08","18:45:00","Ripon","Titanium Racing Club Nursery","6f ","6","Class 5","Good","3996","9","Straight","8","Lily In The Jungle (IRE)","2","Garritty, Billy","0","Kirby, P A","9","65","125","2.25","8170261","23","CkPc","Bungle Inthejungle","Zuzinia (IRE)","Filly","CD","0",
"2022-08-08","18:45:00","Ripon","Titanium Racing Club Nursery","6f ","6","Class 5","Good","3996","9","Straight","9","Star Of Midnight (IRE)","2","McManoman, Faye","3","Tinkler, N","8","63","123","14.00","'099","17",,"Camacho","Midnight Oasis","Gelding",,"0",
"2022-08-08","18:55:00","Ballinrobe","Cummins Homevalue Hardware Handicap Hurdle (80-109)","2m.5f ","16.5",,"Good","6106","16","Right Handed","1","Listentillitellyea (IRE)","6","OKeeffe, Darragh","0","Gibney, Thomas","0","109","168","4.00","2480322","14",,"Pushkin (IRE)","Crescendor (FR)","Gelding",,"8",
"2022-08-08","18:55:00","Ballinrobe","Cummins Homevalue Hardware Handicap Hurdle (80-109)","2m.5f ","16.5",,"Good","6106","16","Right Handed","2","Wojood","6","King, D","7","Hogan, Denis Gerard","0","109","168","28.00","89U009F","14","CkPc TT","Dansili","Endless","Gelding",,"8",
"2022-08-08","18:55:00","Ballinrobe","Cummins Homevalue Hardware Handicap Hurdle (80-109)","2m.5f ","16.5",,"Good","6106","16","Right Handed","3","Delightfantastic (IRE)","7","Swan, H C","7","Walsh, John J","0","108","167","4.00","'058P315","14"," TT","Yeats (IRE)","Dancingwithbubbles (IRE)","Mare",,"8",
"2022-08-08","18:55:00","Ballinrobe","Cummins Homevalue Hardware Handicap Hurdle (80-109)","2m.5f ","16.5",,"Good","6106","16","Right Handed","4","Virtual Hug (IRE)","4","ODwyer, Charlie","7","ODwyer, Conor","0","109","165","8.00","5066614","16"," TT","Buratino (IRE)","Cotton Camera (IRE)","Gelding",,"8",
"2022-08-08","18:55:00","Ballinrobe","Cummins Homevalue Hardware Handicap Hurdle (80-109)","2m.5f ","16.5",,"Good","6106","16","Right Handed","5","Fox Fearless","6","Buckley, Kieran","5","McKiernan, Oliver","0","105","164","5.00","5100673","18",,"Camelot","Silent Music (IRE)","Gelding",,"8",
"2022-08-08","18:55:00","Ballinrobe","Cummins Homevalue Hardware Handicap Hurdle (80-109)","2m.5f ","16.5",,"Good","6106","16","Right Handed","6","Elite Des Mottes (FR)","8","Deegan, R","0","McCarthy, Eoin Christopher","0","104","163","28.00","291310P","20",,"Network (GER)","Qasino Des Mottes (FR)","Mare",,"8",
"2022-08-08","18:55:00","Ballinrobe","Cummins Homevalue Hardware Handicap Hurdle (80-109)","2m.5f ","16.5",,"Good","6106","16","Right Handed","7","Double Talkin Jive (IRE)","7","Hayes, Brian","0","Mullins, W P","0","103","162","9.00","32F5786","20"," TT","Intikhab (USA)","Love Valentine (IRE)","Gelding",,"8",
"2022-08-08","18:55:00","Ballinrobe","Cummins Homevalue Hardware Handicap Hurdle (80-109)","2m.5f ","16.5",,"Good","6106","16","Right Handed","8","Vale Of Glory (IRE)","7","Kelly, Eoin G","7","Murray, Adrian","0","103","162","7.50","'P640251","25"," TT","Vale Of York (IRE)","Imagine It All (IRE)","Gelding",,"8",
"2022-08-08","18:55:00","Ballinrobe","Cummins Homevalue Hardware Handicap Hurdle (80-109)","2m.5f ","16.5",,"Good","6106","16","Right Handed","9","Malbas","6","Torrens, Simon","0","McConnell, John C","0","101","160","33.00","100090B","31",,"Mukhadram","Violet (IRE)","Gelding",,"8",
"2022-08-08","18:55:00","Ballinrobe","Cummins Homevalue Hardware Handicap Hurdle (80-109)","2m.5f ","16.5",,"Good","6106","16","Right Handed","10","Toms Courage (IRE)","8","Moore, Niall","7","Burke, John M","0","101","160","40.00","8F08839","7","Blnk","Dubai Destination (USA)","La Bella Notte","Gelding",,"8",
"2022-08-08","18:55:00","Ballinrobe","Cummins Homevalue Hardware Handicap Hurdle (80-109)","2m.5f ","16.5",,"Good","6106","16","Right Handed","11","Makfils (FR)","5","Blackmore, Rachael","0","Bromhead, Henry De","0","99","158","5.00","'0996033","35"," TT","Makfi","Masaola (FR)","Gelding",,"8",
"2022-08-08","18:55:00","Ballinrobe","Cummins Homevalue Hardware Handicap Hurdle (80-109)","2m.5f ","16.5",,"Good","6106","16","Right Handed","12","Peace Party (IRE)","10","Walsh, E","5","McDonogh, Desmond","0","99","158","10.00","2176622","70","Hood TT","Gamut (IRE)","Inoffensive (IRE)","Gelding",,"8",
"2022-08-08","18:55:00","Ballinrobe","Cummins Homevalue Hardware Handicap Hurdle (80-109)","2m.5f ","16.5",,"Good","6106","16","Right Handed","13","Shantou Warrior (IRE)","8","Gainford, Mr J C","0","Dobbs, Mrs Prunella","0","97","156","7.50","6526501","36",,"Shantou (USA)","Morning Calm","Gelding",,"8",
"2022-08-08","18:55:00","Ballinrobe","Cummins Homevalue Hardware Handicap Hurdle (80-109)","2m.5f ","16.5",,"Good","6106","16","Right Handed","14","Percy Pi","6","Brouder, Gearoid","5","Duke, B W","0","88","147","25.00","5209000","55",,"Sir Percy","Clifton Encore (USA)","Gelding",,"8",
"2022-08-08","18:55:00","Ballinrobe","Cummins Homevalue Hardware Handicap Hurdle (80-109)","2m.5f ","16.5",,"Good","6106","16","Right Handed","15","Eastern Tornado (IRE)","5","Enright, P T","0","Hourigan, Michael","0","86","145","40.00","7900300","40",,"Canford Cliffs (IRE)","Jaaryah (IRE)","Gelding",,"8",
"2022-08-08","18:55:00","Ballinrobe","Cummins Homevalue Hardware Handicap Hurdle (80-109)","2m.5f ","16.5",,"Good","6106","16","Right Handed","16","Globetrottersivola (FR)","6","OKeeffe, Sean F","0","Rothwell, P J","0","85","144","22.00","'P5F0U09","20",,"Noroit (GER)","Notting Hill (FR)","Gelding",,"8",
"2022-08-08","18:55:00","Ballinrobe","Cummins Homevalue Hardware Handicap Hurdle (80-109)","2m.5f ","16.5",,"Good","6106","16","Right Handed","17","Western Doyen (IRE)","9",,"0","OBrien, V T","0","80","140","12.00","8850574","18",,"Doyen (IRE)","Nursling (IRE)","Gelding",,"8",
"2022-08-08","19:05:00","Windsor","Racing League On Sky Sports Racing Handicap","1m2f ","10","Class 4","Good To Firm","5508","5","Figure of 8","1","Hyanna","7","Hutchinson, Callum","5","Houghton, Eve Johnson","2","78","140","4.50","6855543","39","CkPc","Champs Elysees","Highly Spiced","Mare","C D","0",
"2022-08-08","19:05:00","Windsor","Racing League On Sky Sports Racing Handicap","1m2f ","10","Class 4","Good To Firm","5508","5","Figure of 8","2","Gaius","3","ONeill, Dane","0","Hannon (Jnr), Richard","1","82","136","1.25","8322332","14",,"Havana Gold (IRE)","Gemina (IRE)","Colt",,"0",
"2022-08-08","19:05:00","Windsor","Racing League On Sky Sports Racing Handicap","1m2f ","10","Class 4","Good To Firm","5508","5","Figure of 8","3","Tartan Chief","3","Kelly, Shane","0","Cole, P F I","5","79","133","2.75","3251185","46",,"Dark Angel (IRE)","Pink Symphony","Colt","C","0",
"2022-08-08","19:05:00","Windsor","Racing League On Sky Sports Racing Handicap","1m2f ","10","Class 4","Good To Firm","5508","5","Figure of 8","4","Mudlahhim (IRE)","6","Smith, Jefferson","0","Dixon, Scott","4","67","129","22.00","5090540","78",,"Tamayuz","So Sweet (IRE)","Gelding",,"0",
"2022-08-08","19:05:00","Windsor","Racing League On Sky Sports Racing Handicap","1m2f ","10","Class 4","Good To Firm","5508","5","Figure of 8","5","Buxted Too","4","Costello, Dougie","0","Williams, Ian","3","67","129","6.00","'0446933","62",,"Iffraaj","Much Promise","Gelding",,"0",
"2022-08-08","19:15:00","Ripon","David Chapman Memorial Handicap","5f ","5","Class 6","Good","3456","11","Straight","1","Buniann (IRE)","6","Fielding, Alexander","7","Midgley, P T","3","58","135","5.50","7966249","13",,"Tamayuz","Darajaat (USA)","Gelding","D","0",
"2022-08-08","19:15:00","Ripon","David Chapman Memorial Handicap","5f ","5","Class 6","Good","3456","11","Straight","2","Point Of Woods","9","Dennis, Phil","0","Jackson, Miss T","5","56","133","33.00","'0221030","18",,"Showcasing","Romantic Myth","Gelding","C D","0",
"2022-08-08","19:15:00","Ripon","David Chapman Memorial Handicap","5f ","5","Class 6","Good","3456","11","Straight","3","Coleys Koko (IRE)","4","Scott, Rowan","0","Tinkler, N","9","55","132","6.50","4536766","17","Vsor","Kodiac","Acclimatisation (IRE)","Filly","CD","0",
"2022-08-08","19:15:00","Ripon","David Chapman Memorial Handicap","5f ","5","Class 6","Good","3456","11","Straight","4","Red Walls","4","Brookes, Aiden","5","Williamson, Mrs L","6","55","132","9.00","5348454","14",,"Heeraat (IRE)","Gemini Glory (USA)","Gelding","D","0",
"2022-08-08","19:15:00","Ripon","David Chapman Memorial Handicap","5f ","5","Class 6","Good","3456","11","Straight","5","Hot Scoop","4","England, Jonathan","0","England, Sam","4","55","132","8.50","5953206","7","Vsor TT","Hot Streak (IRE)","News Desk","Gelding",,"0",
"2022-08-08","19:15:00","Ripon","David Chapman Memorial Handicap","5f ","5","Class 6","Good","3456","11","Straight","6","Foreseeable Future (FR)","7","Sullivan, James P","0","Carr, Mrs R A","11","53","130","3.50","'0178732","17","Vsor","Harbour Watch (IRE)","Russian Spirit","Gelding",,"0",
"2022-08-08","19:15:00","Ripon","David Chapman Memorial Handicap","5f ","5","Class 6","Good","3456","11","Straight","7","Canaria Prince","4","Fentiman, Duran","0","Easterby, T D","1","52","129","3.50","3244123","15","Blnk","Alhebayeb (IRE)","Gran Canaria Queen","Gelding","D","0",
"2022-08-08","19:15:00","Ripon","David Chapman Memorial Handicap","5f ","5","Class 6","Good","3456","11","Straight","8","Marselan (IRE)","4","Lee, G","0","Midgley, P T","2","50","127","14.00","'0207806","15",,"Awtaad (IRE)","Monclaire (GER)","Gelding",,"0",
"2022-08-08","19:15:00","Ripon","David Chapman Memorial Handicap","5f ","5","Class 6","Good","3456","11","Straight","9","Orchid Rose (IRE)","4","Shaw, Harrison","0","Kirby, P A","8","45","122","33.00","4000689","17","CkPc TT","Mehmas (IRE)","Pale Orchid (IRE)","Filly",,"0",
"2022-08-08","19:15:00","Ripon","David Chapman Memorial Handicap","5f ","5","Class 6","Good","3456","11","Straight","10","The Grey Lass","3","Beasley, Connor","0","Easterby, M W","10","47","121","9.00","'0057246","27","Vsor","Outstrip","Be Lucky","Filly",,"0",
"2022-08-08","19:15:00","Ripon","David Chapman Memorial Handicap","5f ","5","Class 6","Good","3456","11","Straight","11","Arriannie","3","Da Silva, Raul","0","Kellett, C N","7","45","119","50.00","'08879","83",,"Lethal Force (IRE)","Bithynia (IRE)","Filly",,"0",
"2022-08-08","19:25:00","Ballinrobe","Connollys RED MILLS Irish EBF Auction Maiden Hurdle","2m7f ","23",,"Good","10619","10","Right Handed","1","Pale Blue Dot (FR)","6","Hogan, D G","0","Hogan, Denis Gerard","0","102","164","5.50","67225P8","18","CkPc","Montmartre (FR)","Nebuleuse (IRE)","Gelding",,"11",
"2022-08-08","19:25:00","Ballinrobe","Connollys RED MILLS Irish EBF Auction Maiden Hurdle","2m7f ","23",,"Good","10619","10","Right Handed","2","Vinnie Is Busy (IRE)","7","Byrnes, Mr P","7","Byrnes, C","0","114","164","1.00","4FP34U2","19","Vsor","Vinnie Roe (IRE)","Miss Busy Lizzy (IRE)","Gelding",,"11",
"2022-08-08","19:25:00","Ballinrobe","Connollys RED MILLS Irish EBF Auction Maiden Hurdle","2m7f ","23",,"Good","10619","10","Right Handed","3","Innellan Shore (FR)","4","Kennedy, J W","0","Elliott, Gordon","0","0","162","18.00","'04","64",,"Kitkou (FR)","Cafeine Daubois (FR)","Gelding",,"11",
"2022-08-08","19:25:00","Ballinrobe","Connollys RED MILLS Irish EBF Auction Maiden Hurdle","2m7f ","23",,"Good","10619","10","Right Handed","4","Nephin Beg (IRE)","4","Gainford, Mr J C","0","Doyle, Sean Thomas","0","0","160","22.00","none",,,"Ocovango","D Sprite (IRE)","Gelding",,"11",
"2022-08-08","19:25:00","Ballinrobe","Connollys RED MILLS Irish EBF Auction Maiden Hurdle","2m7f ","23",,"Good","10619","10","Right Handed","5","Sycamore Grey (IRE)","4","Ewing, Sam","0","Elliott, Gordon","0","0","158","40.00","80","20",,"Flemensfirth (USA)","Petite Parisienne (FR)","Gelding",,"11",
"2022-08-08","19:25:00","Ballinrobe","Connollys RED MILLS Irish EBF Auction Maiden Hurdle","2m7f ","23",,"Good","10619","10","Right Handed","6","Whip Whitaker (IRE)","4","Kirwan, J P","7","Ryan, John Patrick","0","0","158","80.00","58","14",,"Sageburg (IRE)","Retain That Magic (IRE)","Gelding",,"11",
"2022-08-08","19:25:00","Ballinrobe","Connollys RED MILLS Irish EBF Auction Maiden Hurdle","2m7f ","23",,"Good","10619","10","Right Handed","7","Crossgaleschicflic (IRE)","5","ODwyer, Charlie","7","ODwyer, Conor","0","0","155","40.00","30","26",,"Milan","Lady Bluebell (IRE)","Mare",,"11",
"2022-08-08","19:25:00","Ballinrobe","Connollys RED MILLS Irish EBF Auction Maiden Hurdle","2m7f ","23",,"Good","10619","10","Right Handed","8","Jumping Susie (IRE)","4","Hayes, Brian","0","McConnell, John C","0","0","155","6.50","64342","24",,"Walk In The Park (IRE)","Dinos Monkey (IRE)","Filly",,"11",
"2022-08-08","19:25:00","Ballinrobe","Connollys RED MILLS Irish EBF Auction Maiden Hurdle","2m7f ","23",,"Good","10619","10","Right Handed","9","She Is Electric (IRE)","7","Slevin, J J","0","Lee, Norman","0","0","155","2.50","8022464","11","Hood","Jeremy (USA)","Keys Hope (IRE)","Mare",,"11",
"2022-08-08","19:25:00","Ballinrobe","Connollys RED MILLS Irish EBF Auction Maiden Hurdle","2m7f ","23",,"Good","10619","10","Right Handed","10","Snow Secret (IRE)","5","Cullinan, Mr C","7","Lawlor, Peter","0","0","155","7.00","99","9",,"Snow Sky","Sallies Secret (IRE)","Mare",,"11",
"2022-08-08","19:35:00","Windsor","JRL Group Handicap","1m3.5f ","11.5","Class 6","Good To Firm","3726","9","Figure of 8","1","Travesuras (USA)","3","Shepherd, Callum","0","Fellowes, Charlie","3","64","135","1.75","5447051","14",,"Hit It A Bomb (USA)","Hearts Song (USA)","Gelding","CD","0",
"2022-08-08","19:35:00","Windsor","JRL Group Handicap","1m3.5f ","11.5","Class 6","Good To Firm","3726","9","Figure of 8","2","Citizen General (IRE)","3","Watson, Jason","0","Dunlop, E A L","6","63","134","2.25","67013","9",,"Camelot","Capriole","Gelding",,"0",
"2022-08-08","19:35:00","Windsor","JRL Group Handicap","1m3.5f ","11.5","Class 6","Good To Firm","3726","9","Figure of 8","3","Eddie The Beagle","3","Currie, Nicola","0","Muir, W R & Grassick, C","2","58","129","4.50","3865354","14",,"Lawman (FR)","Moonlight Silver","Gelding",,"0",
"2022-08-08","19:35:00","Windsor","JRL Group Handicap","1m3.5f ","11.5","Class 6","Good To Firm","3726","9","Figure of 8","4","Team Endeavour","3","Costello, Dougie","0","Williams, Ian","8","56","127","14.00","'0060","10",,"Bated Breath","Olympic Medal","Gelding",,"0",
"2022-08-08","19:35:00","Windsor","JRL Group Handicap","1m3.5f ","11.5","Class 6","Good To Firm","3726","9","Figure of 8","5","City Spirit","3","Queally, T P","0","Balding, A M","7","56","127","14.00","'0367","18","Hood","Cityscape","Cape Spirit (IRE)","Filly",,"0",
"2022-08-08","19:35:00","Windsor","JRL Group Handicap","1m3.5f ","11.5","Class 6","Good To Firm","3726","9","Figure of 8","6","Mr Freedom","3","Whelan, Trevor","0","West, Miss Sheena","1","54","125","9.00","7078804","7",,"Sixties Icon","Waitingforachance","Gelding",,"0",
"2022-08-08","19:35:00","Windsor","JRL Group Handicap","1m3.5f ","11.5","Class 6","Good To Firm","3726","9","Figure of 8","7","Egypsyan Crackelli","3","Harley, M","0","Davis, D J S Ffrench","5","54","125","22.00","'0493099","86","CkPc","Sixties Icon","Three Scoops","Gelding",,"0",
"2022-08-08","19:35:00","Windsor","JRL Group Handicap","1m3.5f ","11.5","Class 6","Good To Firm","3726","9","Figure of 8","8","Marmalashes (IRE)","3","Phillips, Mollie","5","Bridger, J J","9","50","121","66.00","484588","9","CkPc","Australia","Marmalady (IRE)","Filly",,"0",
"2022-08-08","19:35:00","Windsor","JRL Group Handicap","1m3.5f ","11.5","Class 6","Good To Firm","3726","9","Figure of 8","9","Goodison Girl","3","Coughlan, Laura","5","De Giles, Ed","4","47","118","20.00","'079956","34",,"Helmet (AUS)","Cloudchaser (IRE)","Filly",,"0",
"2022-08-08","19:45:00","Ripon","Ripon Races Directors Cup Handicap","1m4f ","12","Class 4","Good","6156","5","Right Handed","1","Trojan Horse (IRE)","3","Hart, Jason","0","Johnston, M","1","78","135","2.75","1135055","9",,"Ulysses (IRE)","Guardia (GER)","Colt","CD","0",
"2022-08-08","19:45:00","Ripon","Ripon Races Directors Cup Handicap","1m4f ","12","Class 4","Good","6156","5","Right Handed","2","King Eagle (IRE)","3","Tudhope, Daniel","0","Bell, M L W","5","76","133","2.50","'055","36",,"Frankel","The Lark","Colt",,"0",
"2022-08-08","19:45:00","Ripon","Ripon Races Directors Cup Handicap","1m4f ","12","Class 4","Good","6156","5","Right Handed","3","Kalahari Prince (IRE)","3","Eaves, Tom","0","Ryan, K A","4","72","129","10.00","6445","31",,"New Approach (IRE)","Desert Blossom (IRE)","Gelding",,"0",
"2022-08-08","19:45:00","Ripon","Ripon Races Directors Cup Handicap","1m4f ","12","Class 4","Good","6156","5","Right Handed","4","Belle Of Annandale (IRE)","3","Rodriguez, Callum","0","Dalgleish, Keith","2","70","127","4.50","4325242","9",,"Australia","Fountain Of Honour (IRE)","Filly",,"0",
"2022-08-08","19:45:00","Ripon","Ripon Races Directors Cup Handicap","1m4f ","12","Class 4","Good","6156","5","Right Handed","5","Gibside","3","Allan, David","0","Easterby, T D","3","65","122","2.75","9253214","16",,"Time Test","Ardbrae Tara (IRE)","Gelding","CD","0",
"2022-08-08","19:55:00","Ballinrobe","C.J. Sheeran Ltd Handicap Hurdle (80-102)","2m7f ","23",,"Good","5575","16","Right Handed","1","Getaway Katie (IRE)","9","ONeill, Mr P J","7","Ryder, Shane Kieran","0","102","168","28.00","905557B","14","CkPc","Getaway (GER)","Be My Katie (IRE)","Mare","C","11",
"2022-08-08","19:55:00","Ballinrobe","C.J. Sheeran Ltd Handicap Hurdle (80-102)","2m7f ","23",,"Good","5575","16","Right Handed","2","The Abbey (IRE)","9","Kennedy, J W","0","Elliott, Gordon","0","102","168","10.00","6071535","18","CkPc","Yeats (IRE)","Sapphire Spray (IRE)","Gelding",,"11",
"2022-08-08","19:55:00","Ballinrobe","C.J. Sheeran Ltd Handicap Hurdle (80-102)","2m7f ","23",,"Good","5575","16","Right Handed","3","Grozni (FR)","6","Byrnes, Mr P","7","Byrnes, C","0","101","167","3.33","5435P09","18",,"Saddler Maker (IRE)","Urane De Ferbet (FR)","Gelding",,"11",
"2022-08-08","19:55:00","Ballinrobe","C.J. Sheeran Ltd Handicap Hurdle (80-102)","2m7f ","23",,"Good","5575","16","Right Handed","4","Emir De Rots (FR)","8","ODwyer, Charlie","7","ODwyer, Conor","0","98","164","33.00","6245070","18",,"Spider Flight (FR)","Rotswana (FR)","Gelding",,"11",
"2022-08-08","19:55:00","Ballinrobe","C.J. Sheeran Ltd Handicap Hurdle (80-102)","2m7f ","23",,"Good","5575","16","Right Handed","5","Its Time Again (IRE)","6","McCurtin, Ambrose","3","Barry, David Richard","0","98","164","9.00","60P1177","24",,"Shirocco (GER)","Regents Dancer (IRE)","Mare","C","11",
"2022-08-08","19:55:00","Ballinrobe","C.J. Sheeran Ltd Handicap Hurdle (80-102)","2m7f ","23",,"Good","5575","16","Right Handed","6","Florey Spud (IRE)","7","Blackmore, Rachael","0","ODonnell, P F","0","96","162","6.00","6P99662","3",,"Well Chosen","Brickfield Sandy (IRE)","Gelding",,"11",
"2022-08-08","19:55:00","Ballinrobe","C.J. Sheeran Ltd Handicap Hurdle (80-102)","2m7f ","23",,"Good","5575","16","Right Handed","7","The Holmeister (IRE)","8","OSullivan, Mr M J M","7","Hourigan, Michael","0","96","162","4.50","30P4711","18",,"Rule Of Law (USA)","Kick And Run (IRE)","Gelding","C","11",
"2022-08-08","19:55:00","Ballinrobe","C.J. Sheeran Ltd Handicap Hurdle (80-102)","2m7f ","23",,"Good","5575","16","Right Handed","8","Final Orders","6","Donoghue, K M","0","Cromwell, Gavin Patrick","0","95","161","6.00","552PP25","18",,"Camelot","Trapeze","Gelding",,"11",
"2022-08-08","19:55:00","Ballinrobe","C.J. Sheeran Ltd Handicap Hurdle (80-102)","2m7f ","23",,"Good","5575","16","Right Handed","9","Kilashee (IRE)","7","Mullins, D E","0","Ryan, John Patrick","0","95","161","20.00","5F58847","18",,"Oscar (IRE)","Echo Queen (IRE)","Mare","C","11",
"2022-08-08","19:55:00","Ballinrobe","C.J. Sheeran Ltd Handicap Hurdle (80-102)","2m7f ","23",,"Good","5575","16","Right Handed","10","Well Joey (IRE)","11","OKeeffe, Darragh","0","Stafford, Paul","0","95","161","10.00","7704328","19","Vsor TT","Kayf Tara","Penny Queen","Gelding","C","11",
"2022-08-08","19:55:00","Ballinrobe","C.J. Sheeran Ltd Handicap Hurdle (80-102)","2m7f ","23",,"Good","5575","16","Right Handed","11","Imminent Arrival (IRE)","7","Torrens, Simon","0","Fahey, James","0","94","160","25.00","7676","398"," TT","Shantou (USA)","Ratheniska (IRE)","Gelding",,"11",
"2022-08-08","19:55:00","Ballinrobe","C.J. Sheeran Ltd Handicap Hurdle (80-102)","2m7f ","23",,"Good","5575","16","Right Handed","12","Junior Bee (IRE)","6","Gainford, Mr J C","0","Molloy, M A","0","93","159","7.00","6332185","7",,"Jet Away","Much Appreciated (IRE)","Mare",,"11",
"2022-08-08","19:55:00","Ballinrobe","C.J. Sheeran Ltd Handicap Hurdle (80-102)","2m7f ","23",,"Good","5575","16","Right Handed","13","My Friend The Wind (IRE)","7","McNamara, Conor","0","McNamara, E","0","93","159","11.00","3P8U838","25",,"Sholokhov (IRE)","A Stroke Of Luck (IRE)","Gelding",,"11",
"2022-08-08","19:55:00","Ballinrobe","C.J. Sheeran Ltd Handicap Hurdle (80-102)","2m7f ","23",,"Good","5575","16","Right Handed","14","Nuttorridge (IRE)","7","Enright, P T","0","McNiff, Mark Michael","0","93","159","16.00","'0401B9P","19"," TT","Elusive Pimpernel (USA)","Madame Von Meck (IRE)","Gelding",,"11",
"2022-08-08","19:55:00","Ballinrobe","C.J. Sheeran Ltd Handicap Hurdle (80-102)","2m7f ","23",,"Good","5575","16","Right Handed","15","Iluvyounow (IRE)","7","Flanagan, S W","0","OSullivan, Ross","0","90","156","33.00","7547796","35","CkPc","Getaway (GER)","Ifyoucouldseemenow (IRE)","Mare",,"11",
"2022-08-08","19:55:00","Ballinrobe","C.J. Sheeran Ltd Handicap Hurdle (80-102)","2m7f ","23",,"Good","5575","16","Right Handed","16","Robindevidastar (IRE)","7","OSullivan, James","5","Rothwell, P J","0","89","155","12.00","'P64F676","24",,"Robin Des Champs (FR)","Avida Star (IRE)","Gelding",,"11",
"2022-08-08","19:55:00","Ballinrobe","C.J. Sheeran Ltd Handicap Hurdle (80-102)","2m7f ","23",,"Good","5575","16","Right Handed","17","Kilgorey (IRE)","8",,"0","Dunleavy, Mrs Y","0","89","155","25.00","8440007","20","CkPc TT","Shantou (USA)","Traluide (FR)","Gelding",,"11",
"2022-08-08","19:55:00","Ballinrobe","C.J. Sheeran Ltd Handicap Hurdle (80-102)","2m7f ","23",,"Good","5575","16","Right Handed","18","Let Her Flow (IRE)","8",,"0","OShea, Miss Denise Marie","0","87","153","20.00","1260894","7","Blnk","Scorpion (IRE)","Sherin (GER)","Mare",,"11",
"2022-08-08","19:55:00","Ballinrobe","C.J. Sheeran Ltd Handicap Hurdle (80-102)","2m7f ","23",,"Good","5575","16","Right Handed","19","Any Day Now (IRE)","7",,"0","Cawley, Edward","0","86","152","25.00","98970","205","Hood","Scorpion (IRE)","Makeyourmove (IRE)","Gelding",,"11",
"2022-08-08","20:10:00","Windsor","Sky Sports Racing HD Virgin 535 Handicap","1m ","8","Class 6","Good To Firm","3726","14","Figure of 8","1","Lilandra (FR)","5","Cox, William","3","Flint, J L","14","52","135","8.00","3608233","17","CkPc","Equiano (FR)","Indigo River (IRE)","Mare","D","0",
"2022-08-08","20:10:00","Windsor","Sky Sports Racing HD Virgin 535 Handicap","1m ","8","Class 6","Good To Firm","3726","14","Figure of 8","2","Defilade","6","Kelly, Shane","0","Leech, Mrs S","5","52","135","10.00","'0922646","10","CkPc TT","Bated Breath","Zulema","Gelding",,"0",
"2022-08-08","20:10:00","Windsor","Sky Sports Racing HD Virgin 535 Handicap","1m ","8","Class 6","Good To Firm","3726","14","Figure of 8","3","Hellavapace","4","Saunders, Tyler","5","Portman, J G","8","51","134","2.25","3867533","27",,"Hellvelyn","Hasten (USA)","Filly","D","0",
"2022-08-08","20:10:00","Windsor","Sky Sports Racing HD Virgin 535 Handicap","1m ","8","Class 6","Good To Firm","3726","14","Figure of 8","4","Red Bravo (IRE)","6","Heard, Tyler","3","Wintle, A","2","51","134","8.00","7400252","62",,"Acclamation","Vision Of Peace (IRE)","Gelding",,"0",
"2022-08-08","20:10:00","Windsor","Sky Sports Racing HD Virgin 535 Handicap","1m ","8","Class 6","Good To Firm","3726","14","Figure of 8","5","Broughtons Flare (IRE)","6","Howarth, Christian","5","Loughnane, Daniel Mark","1","51","134","9.00","2552023","146",,"Rip Van Winkle (IRE)","Purple Glow (IRE)","Gelding",,"0",
"2022-08-08","20:10:00","Windsor","Sky Sports Racing HD Virgin 535 Handicap","1m ","8","Class 6","Good To Firm","3726","14","Figure of 8","6","Millicent","5","Voikhansky, Alexander","7","Frost, Kevin","7","50","133","6.00","5798801","16",,"Iffraaj","Marmalade Cat","Mare","D","0",
"2022-08-08","20:10:00","Windsor","Sky Sports Racing HD Virgin 535 Handicap","1m ","8","Class 6","Good To Firm","3726","14","Figure of 8","7","Tara","4","Currie, Nicola","0","Richards, Mrs L","13","50","133","40.00","966840","26",,"Toronado (IRE)","Demoiselle Bond","Filly",,"0",
"2022-08-08","20:10:00","Windsor","Sky Sports Racing HD Virgin 535 Handicap","1m ","8","Class 6","Good To Firm","3726","14","Figure of 8","8","Essme","4","Shepherd, Callum","0","Bridger, J J","11","49","132","22.00","7771275","16",,"Twilight Son","Desert Kiss","Filly",,"0",
"2022-08-08","20:10:00","Windsor","Sky Sports Racing HD Virgin 535 Handicap","1m ","8","Class 6","Good To Firm","3726","14","Figure of 8","9","Kumasi","5","Keenan, Darragh","0","Stephens, Robert","4","48","131","50.00","7359009","338",,"New Approach (IRE)","Ghanaian (FR)","Gelding",,"0",
"2022-08-08","20:10:00","Windsor","Sky Sports Racing HD Virgin 535 Handicap","1m ","8","Class 6","Good To Firm","3726","14","Figure of 8","10","Tenth Century","4","Hutchinson, Callum","5","Blake, Michael","3","48","131","40.00","8180640","59","CkPc","Fountain Of Youth (IRE)","Sukuma (IRE)","Gelding","D","0",
"2022-08-08","20:10:00","Windsor","Sky Sports Racing HD Virgin 535 Handicap","1m ","8","Class 6","Good To Firm","3726","14","Figure of 8","11","Tromso (FR)","4","Edmunds, Lewis","0","Carr, Mrs R A","10","47","130","28.00","'0857990","12","Blnk","Twilight Son","Soar","Gelding",,"0",
"2022-08-08","20:10:00","Windsor","Sky Sports Racing HD Virgin 535 Handicap","1m ","8","Class 6","Good To Firm","3726","14","Figure of 8","12","Chetan","10","Phillips, Mollie","5","Carroll, A W","12","46","129","18.00","5623355","17",,"Alfred Nobel (IRE)","Island Music (IRE)","Gelding","D","0",
"2022-08-08","20:10:00","Windsor","Sky Sports Racing HD Virgin 535 Handicap","1m ","8","Class 6","Good To Firm","3726","14","Figure of 8","13","Lark Lane","3","Egan, John","0","Channon, M R","6","48","124","7.00","8074625","13","Vsor","Sixties Icon","Ann Without An E","Gelding",,"0",
"2022-08-08","20:10:00","Windsor","Sky Sports Racing HD Virgin 535 Handicap","1m ","8","Class 6","Good To Firm","3726","14","Figure of 8","14","This Is My Half (IRE)","3","Dawson, R","0","Carroll, A W","9","46","122","20.00","7685","34",,"Muhaarar","Satin Kiss (USA)","Gelding",,"0",
"2022-08-08","20:20:00","Ripon","Goodbyeflys Ripon Racecourse Stable Staff Championships Handicap","1m ","8","Class 5","Good","3996","6","Right Handed","1","Piastrella (IRE)","3","McManoman, Faye","3","Tinkler, N","1","75","135","2.75","4578321","16",,"Awtaad (IRE)","Tingleo","Filly",,"0",
"2022-08-08","20:20:00","Ripon","Goodbyeflys Ripon Racecourse Stable Staff Championships Handicap","1m ","8","Class 5","Good","3996","6","Right Handed","2","Dungar Glory (IRE)","3","Hart, Jason","0","Keatley, Adrian Paul","2","75","135","3.33","5553562","7",,"Cotai Glory","Independent Girl (IRE)","Filly",,"0",
"2022-08-08","20:20:00","Ripon","Goodbyeflys Ripon Racecourse Stable Staff Championships Handicap","1m ","8","Class 5","Good","3996","6","Right Handed","3","Panama City","3","Allan, David","0","Easterby, T D","4","75","135","4.00","241","37",,"Iffraaj","Guavia (GER)","Gelding",,"0",
"2022-08-08","20:20:00","Ripon","Goodbyeflys Ripon Racecourse Stable Staff Championships Handicap","1m ","8","Class 5","Good","3996","6","Right Handed","4","Dougies Dream (IRE)","3","Scott, Rowan","0","Tinkler, N","5","72","132","5.00","'0041418","80",,"Fast Company (IRE)","Sidney Girl","Gelding","D","0",
"2022-08-08","20:20:00","Ripon","Goodbyeflys Ripon Racecourse Stable Staff Championships Handicap","1m ","8","Class 5","Good","3996","6","Right Handed","5","Emperor Caradoc (FR)","3","Lee, G","0","Smart, B","6","72","132","10.00","64137","61",,"Siyouni (FR)","Tribune Libre (IRE)","Gelding",,"0",
"2022-08-08","20:20:00","Ripon","Goodbyeflys Ripon Racecourse Stable Staff Championships Handicap","1m ","8","Class 5","Good","3996","6","Right Handed","6","Head Chef (IRE)","3","Tudhope, Daniel","0","OMeara, D","3","70","130","5.50","5516385","12","Blnk","Awtaad (IRE)","Always A Dream","Gelding","CD","0",
"2022-08-08","20:30:00","Ballinrobe","Burleigh Accountancy Handicap Hurdle","3m1.5f ","25.5",,"Good","7965","10","Right Handed","1","Riggs (IRE)","7","Torrens, Simon","0","McConnell, John C","0","121","166","40.00","52PPP76","20",,"Mahler","Cousin Kizzy (IRE)","Gelding",,"14",
"2022-08-08","20:30:00","Ballinrobe","Burleigh Accountancy Handicap Hurdle","3m1.5f ","25.5",,"Good","7965","10","Right Handed","2","Slige Dala (IRE)","7","Slevin, J J","0","OBrien, Joseph Patrick","0","121","166","10.00","6543609","24"," TT","Sholokhov (IRE)","Ladys Gesture (IRE)","Gelding",,"14",
"2022-08-08","20:30:00","Ballinrobe","Burleigh Accountancy Handicap Hurdle","3m1.5f ","25.5",,"Good","7965","10","Right Handed","3","Bronson In Blue (IRE)","9","Buckley, Kieran","5","McConnell, John C","0","118","163","5.50","5110835","43",,"Fracas (IRE)","Then Came Bronson (IRE)","Gelding",,"14",
"2022-08-08","20:30:00","Ballinrobe","Burleigh Accountancy Handicap Hurdle","3m1.5f ","25.5",,"Good","7965","10","Right Handed","4","Noble Birth","5","Kennedy, J W","0","Elliott, Gordon","0","114","159","1.50","5263213","12",,"Nathaniel (IRE)","Miss Noble","Gelding",,"14",
"2022-08-08","20:30:00","Ballinrobe","Burleigh Accountancy Handicap Hurdle","3m1.5f ","25.5",,"Good","7965","10","Right Handed","5","Ballyadam Destiny","8","Hogan, D G","0","Hogan, Denis Gerard","0","113","158","5.50","'P413344","8","CkPc TT","Martaline","New Destiny (FR)","Gelding",,"14",
"2022-08-08","20:30:00","Ballinrobe","Burleigh Accountancy Handicap Hurdle","3m1.5f ","25.5",,"Good","7965","10","Right Handed","6","Ramondo Dnzeo (IRE)","5","Meyler, D","0","Ryan, John Patrick","0","112","157","7.50","5317","8",,"Libertarian","Tylensy (IRE)","Gelding",,"14",
"2022-08-08","20:30:00","Ballinrobe","Burleigh Accountancy Handicap Hurdle","3m1.5f ","25.5",,"Good","7965","10","Right Handed","7","Not So Simple (IRE)","8","Geoghegan, Mr R P","7","Lee, Norman","0","104","149","8.50","4083519","8","Blnk","Kalanisi (IRE)","Honours Graduate (IRE)","Gelding",,"14",
"2022-08-08","20:30:00","Ballinrobe","Burleigh Accountancy Handicap Hurdle","3m1.5f ","25.5",,"Good","7965","10","Right Handed","8","Paddy Wickla","6","OHanlon, P J","5","Rothwell, P J","0","100","145","8.00","2432308","31",,"Leading Light (IRE)","Caoba","Mare",,"14",
"2022-08-08","20:30:00","Ballinrobe","Burleigh Accountancy Handicap Hurdle","3m1.5f ","25.5",,"Good","7965","10","Right Handed","9","Highland Sting (IRE)","6","Prendergast, Niall","7","Ryan, John Patrick","0","99","144","10.00","5P55P4P","6","Blnk","Scorpion (IRE)","Garrienderk Mist (IRE)","Gelding",,"14",
"2022-08-08","20:30:00","Ballinrobe","Burleigh Accountancy Handicap Hurdle","3m1.5f ","25.5",,"Good","7965","10","Right Handed","10","Added Bonus (IRE)","8","Enright, P T","0","Walsh, John J","0","88","140","28.00","7990U3P","39"," TT","Jeremy (USA)","Vicky Serenade (IRE)","Gelding",,"14",

